
$orca_opt_file

$trust
    0.300000000000

$epredict
    0.000000000000

$ediffsc
  1000.000000000000

$ctyp
  4

$coordinates
 2 48
   3.86623732   2.40468652  -0.02607992   2.01671067   1.52197796   0.10831096
   3.86623732  -2.40468652  -0.02607992   2.01671067  -1.52197796   0.10831096
   0.00000000   2.88463236   3.84642167   0.00000000   2.48809518   1.84026112
   0.00000000  -2.88463236   3.84642167   0.00000000  -2.48809518   1.84026112
   0.00000000   2.73532227  -3.67178873   0.00000000   1.45844853  -2.06716136
   0.00000000  -2.73532227  -3.67178873   0.00000000  -1.45844853  -2.06716136
  -3.86623732   2.40468652  -0.02607992  -2.01671067   1.52197796   0.10831096
  -3.86623732  -2.40468652  -0.02607992  -2.01671067  -1.52197796   0.10831096

   3.86627110   2.40477701  -0.02612264   2.01685286   1.52181350   0.10834303
   3.86627110  -2.40477701  -0.02612264   2.01685286  -1.52181350   0.10834303
  -0.00000000   2.88447062   3.84627039  -0.00000000   2.48762448   1.84043604
   0.00000000  -2.88447062   3.84627039   0.00000000  -2.48762448   1.84043604
   0.00000000   2.73471547  -3.67190794  -0.00000000   1.45820905  -2.06704448
   0.00000000  -2.73471547  -3.67190794   0.00000000  -1.45820905  -2.06704448
  -3.86627110   2.40477701  -0.02612264  -2.01685286   1.52181350   0.10834303
  -3.86627110  -2.40477701  -0.02612264  -2.01685286  -1.52181350   0.10834303


# redundant internal coordinates
#  nbonds nangles ndihedrals nimpropers ncartesians
# bond  definitions A B
# angle definitions A B C
# dihedral definitions A B C D
# improper torsion definitions A B C D
# cartesian definitions A x/y/z
$redundant_internals
 19 42 87 0 0
   1   0   0
   3   1   0
   3   2   0
   5   4   0
   5   1   0
   7   6   0
   7   3   0
   9   8   0
   9   1   0
  11  10   0
  11   9   0
  11   3   0
  13  12   0
  13   9   0
  13   5   0
  15  14   0
  15  13   0
  15  11   0
  15   7   0
   0   1   5   0   0
   5   1   9   0   0
   0   1   3   0   0
   0   1   9   0   0
   3   1   5   0   0
   3   1   9   0   0
   2   3  11   0   0
   1   3  11   0   0
   2   3   7   0   0
   1   3   2   0   0
   1   3   7   0   0
   7   3  11   0   0
   4   5  13   0   0
   1   5   4   0   0
   1   5  13   0   0
   6   7  15   0   0
   3   7  15   0   0
   3   7   6   0   0
  11   9  13   0   0
   8   9  13   0   0
   1   9   8   0   0
   1   9  13   0   0
   8   9  11   0   0
   1   9  11   0   0
   3  11  15   0   0
   9  11  10   0   0
   3  11  10   0   0
   3  11   9   0   0
  10  11  15   0   0
   9  11  15   0   0
   9  13  12   0   0
   5  13  12   0   0
   5  13   9   0   0
  12  13  15   0   0
   9  13  15   0   0
   5  13  15   0   0
  13  15  14   0   0
  11  15  14   0   0
   7  15  14   0   0
  11  15  13   0   0
   7  15  13   0   0
   7  15  11   0   0
   7   3   1   9   0
  11   3   1   9   0
   2   3   1   0   0
  11   3   1   5   0
   2   3   1   5   0
   2   3   1   9   0
   7   3   1   0   0
   7   3   1   5   0
  11   3   1   0   0
  13   5   1   9   0
  13   5   1   3   0
  13   5   1   0   0
   4   5   1   9   0
   4   5   1   3   0
   4   5   1   0   0
  15   7   3  11   0
  15   7   3   1   0
  15   7   3   2   0
   6   7   3  11   0
   6   7   3   2   0
   6   7   3   1   0
  11   9   1   3   0
  13   9   1   0   0
  13   9   1   5   0
  13   9   1   3   0
  11   9   1   0   0
   8   9   1   5   0
   8   9   1   0   0
  11   9   1   5   0
   8   9   1   3   0
   9  11   3   1   0
  15  11   9  13   0
  15  11   9   1   0
  10  11   9  13   0
  10  11   9   8   0
  10  11   3   2   0
   3  11   9   1   0
  15  11   3   2   0
  15  11   3   1   0
  10  11   3   7   0
  15  11   3   7   0
   3  11   9  13   0
  10  11   3   1   0
  10  11   9   1   0
   9  11   3   7   0
  15  11   9   8   0
   9  11   3   2   0
   3  11   9   8   0
  15  13   9   8   0
  15  13   9   1   0
  12  13   9  11   0
  12  13   9   1   0
   5  13   9  11   0
   5  13   9   8   0
   5  13   9   1   0
  15  13   5   4   0
  15  13   5   1   0
  12  13   9   8   0
  12  13   5   4   0
  12  13   5   1   0
   9  13   5   4   0
  15  13   9  11   0
   9  13   5   1   0
  14  15  13   9   0
  14  15  13   5   0
  11  15  13  12   0
  11  15  13   9   0
  11  15  13   5   0
   7  15  13  12   0
   7  15  13   9   0
  14  15  11  10   0
  14  15  11   9   0
  14  15  11   3   0
  13  15  11  10   0
  13  15  11   9   0
  13  15  11   3   0
   7  15  11  10   0
   7  15  13   5   0
   7  15  11   9   0
   7  15  11   3   0
  14  15   7   6   0
  14  15   7   3   0
  13  15   7   6   0
  13  15   7   3   0
  11  15   7   6   0
  14  15  13  12   0
  11  15   7   3   0
$energies
 2
 -308.7029586624980197
 -308.7029570875035347

$gradients
 2 48
   0.0000040233101623  -0.0000221925171799   0.0000034680019944  -0.0000611986390608
   0.0001019529539652   0.0000185316404315   0.0000040233119902   0.0000221925158870
   0.0000034680021979  -0.0000611986384790  -0.0001019529495592   0.0000185316450748
   0.0000000000003520  -0.0000018181947762   0.0000986124730188   0.0000000000016789
   0.0000340472597519  -0.0001413736256879   0.0000000000000879   0.0000018181947074
   0.0000986124723884   0.0000000000001680  -0.0000340472623324  -0.0001413736236572
  -0.0000000000005344   0.0000514878878852   0.0000203957336351   0.0000000000013549
   0.0001096429403177  -0.0000216338707266  -0.0000000000001166  -0.0000514878892908
   0.0000203957341492  -0.0000000000027897  -0.0001096429385468  -0.0000216338735543
  -0.0000040233104935  -0.0000221925166795   0.0000034680023500   0.0000611986409146
   0.0001019529466876   0.0000185316415609  -0.0000040233110183   0.0000221925158039
   0.0000034680023210   0.0000611986405590  -0.0001019529469059   0.0000185316442810

   0.0000108901546836  -0.0000205980325903  -0.0000022727589215  -0.0000230699488490
   0.0000390197405030   0.0000081470336418   0.0000108901525463   0.0000205980332590
  -0.0000022727589994  -0.0000230699531258  -0.0000390197466938   0.0000081470267027
  -0.0000000000002802  -0.0000149519942592   0.0000082110491237  -0.0000000000002015
   0.0000073687187610  -0.0000214327724066   0.0000000000011673   0.0000149519947637
   0.0000082110521541   0.0000000000010771  -0.0000073687143928  -0.0000214327726247
   0.0000000000010351   0.0000306301924063   0.0000255062933728  -0.0000000000015904
   0.0000010995985001  -0.0000240331090678   0.0000000000001629  -0.0000306301918645
   0.0000255062935228   0.0000000000005040  -0.0000010996010755  -0.0000240331110673
  -0.0000108901524103  -0.0000205980315296  -0.0000022727591513   0.0000230699510518
   0.0000390197452591   0.0000081470308044  -0.0000108901534284   0.0000205980319257
  -0.0000022727587261   0.0000230699528017  -0.0000390197435955   0.0000081470282702


$redundant_coords
 2 148
   2.0537731468876101   3.0439559276838941   2.0537731468876101   2.0449747911230411
   2.8284546544614346   2.0449747911230411   2.8284546544614346   2.0506670931623789
   2.9671261721322444   2.0506670931623789   2.9168970541243167   2.9671261721322444
   2.0537731468876101   2.9671261721322444   2.8284546544614346   2.0537731468876101
   3.0439559276838941   2.9671261721322444   2.8284546544614346   2.1357322794365299
   1.5424411727117833   2.0150658954649439   2.1813434857561735   1.9193839226960574
   1.5493835899857560   2.1813434857561735   1.5493835899857560   2.1357322794365299
   2.0150658954649439   1.9193839226960574   1.5424411727117833   2.3008934302042441
   2.3008934302042445   1.5875577960565976   2.3008934302042441   1.5875577960565976
   2.3008934302042445   1.5922090636040371   2.1656452134629718   2.1656452134629718
   1.4946657602503730   2.2429371886397900   1.5922090636040371   1.4946657602503730
   2.2429371886397900   2.1656452134629718   1.5922090636040371   2.1656452134629718
   1.5922090636040371   2.1813434857561735   2.1357322794365299   1.5424411727117833
   2.0150658954649439   1.5493835899857562   1.9193839226960574   2.0150658954649439
   2.1813434857561735   2.1357322794365299   1.5493835899857562   1.9193839226960574
   1.5424411727117833  -1.5328314636673335  -0.0000000000000000   0.0000000000000000
   1.5328314636673335  -2.5045469757778878   2.2458068677343586   2.5045469757778878
   0.0000000000000000  -2.2458068677343586   0.3454440077280884  -1.1922480173005556
   2.6384956415191390   3.0600616933356393   1.5223696683069901  -0.9300719800528967
  -0.3454440077280884   1.1922480173005556  -2.6384956415191390  -3.0600616933356393
   0.9300719800528967  -1.5223696683069901   0.0000000000000000  -2.5869047987760676
  -0.3296175842211204   1.5906422817401782   2.1056382266633413   1.9188197001812932
  -0.3384675143736547  -1.9202598659612975  -2.4441057410369957   0.0000000000000000
   0.0000000000000000   1.4950907466454657   2.3940472802670603   0.0000000000000000
   0.3384675143736547   0.0000000000000000   2.5869047987760676  -1.5906422817401782
  -1.9188197001812932   0.3296175842211204  -1.4950907466454657   2.4441057410369957
  -2.3940472802670603   1.9202598659612975  -2.3940472802670603  -2.1056382266633413
   2.3940472802670603   2.4441057410369957  -1.5906422817401782  -2.1056382266633413
   2.5869047987760676   1.9202598659612975  -1.9188197001812932   0.3296175842211204
  -1.5223696683069901   1.1922480173005556   0.3384675143736547   0.9300719800528967
  -2.6384956415191390  -3.0600616933356393   0.0000000000000000  -0.3454440077280884
  -2.2458068677343586   2.5045469757778878   2.2458068677343586   0.0000000000000000
  -1.5328314636673335  -2.5045469757778878   1.5328314636673335  -0.3384675143736547
   2.1056382266633413  -2.5869047987760676  -2.4441057410369957   0.0000000000000000
   1.5906422817401782   1.9188197001812932  -0.0000000000000000  -1.9202598659612975
  -0.3296175842211204  -0.9300719800528967   2.6384956415191390   1.5223696683069901
  -1.1922480173005556   3.0600616933356393   0.0000000000000000   0.3454440077280884

   2.0537900046586821   3.0436269917625114   2.0537900046527016   2.0447147256293992
   2.8285389417498625   2.0447147256317155   2.8285389417431399   2.0506231699942483
   2.9671622442726231   2.0506231699930604   2.9164181086751046   2.9671622442625121
   2.0537900046557862   2.9671622442723438   2.8285389417461086   2.0537900046534103
   3.0436269917757786   2.9671622442710524   2.8285389417464075   2.1357524468484734
   1.5423998425967529   2.0151994779673319   2.1813243212518523   1.9192579025345731
   1.5493585662558058   2.1813243212539746   1.5493585662597062   2.1357524468519240
   2.0151994779677986   1.9192579025202423   1.5423998426017123   2.3009570607063266
   2.3009570607045746   1.5876405925075319   2.3009570607065570   1.5876405925070893
   2.3009570607028591   1.5922340873366387   2.1657120234240383   2.1657120234217317
   1.4947739044560746   2.2427253346287968   1.5922340873306065   1.4947739044571278
   2.2427253346263964   2.1657120234239735   1.5922340873334679   2.1657120234253657
   1.5922340873318486   2.1813243212550626   2.1357524468506623   1.5423998425980774
   2.0151994779699467   1.5493585662528306   1.9192579025264838   2.0151994779671805
   2.1813243212572866   2.1357524468512148   1.5493585662582690   1.9192579025234033
   1.5423998425977046  -1.5327827888597054  -0.0000000000014501   0.0000000000034951
   1.5327827888496035  -2.5045855229965523   2.2458169953319871   2.5045855229913920
  -0.0000000000086559  -2.2458169953299421   0.3452841991606911  -1.1923712135734028
   2.6382876644861337   3.0603656137708777   1.5227102010367903  -0.9298162280832664
  -0.3452841991534685   1.1923712135871651  -2.6382876644875175  -3.0603656137597883
   0.9298162280857487  -1.5227102010191533   0.0000000000014753  -2.5867357978574850
  -0.3294684071834783   1.5906676399971429   2.1057818693264290   1.9191720436794990
  -0.3380953469945076  -1.9201360471791495  -2.4438772163194611   0.0000000000014753
  -0.0000000000004981   1.4951999312423296   2.3939926879674918  -0.0000000000062827
   0.3380953469943499  -0.0000000000015133   2.5867357978608889  -1.5906676399891919
  -1.9191720436897666   0.3294684071767724  -1.4951999312443420   2.4438772163238518
  -2.3939926879692677   1.9201360471674429  -2.3939926879742726  -2.1057818693280259
   2.3939926879614717   2.4438772163298692  -1.5906676399886723  -2.1057818693266870
   2.5867357978637351   1.9201360471730839  -1.9191720436771196   0.3294684071839191
  -1.5227102010384510   1.1923712135710238   0.3380953470026967   0.9298162280775802
  -2.6382876644925322  -3.0603656137701858   0.0000000000004856  -0.3452841991607115
  -2.2458169953366940   2.5045855229912344   2.2458169953309088  -0.0000000000004774
  -1.5327827888521333  -2.5045855229953267   1.5327827888528782  -0.3380953469924642
   2.1057818693293355  -2.5867357978578331  -2.4438772163213138   0.0000000000004856
   1.5906676399928965   1.9191720436889530   0.0000000000012160  -1.9201360471688347
  -0.3294684071764162  -0.9298162280876184   2.6382876644871525   1.5227102010197702
  -1.1923712135850404   3.0603656137572894  -0.0000000000053082   0.3452841991524743


$redundant_gradients
 2 148
  -0.0000061420483010   0.0001013340768825  -0.0000061420461213   0.0000963882159122
  -0.0000280917118072   0.0000963882150505  -0.0000280917096967   0.0000161001167116
  -0.0000189784910056   0.0000161001171454   0.0001502126093277  -0.0000189784891409
  -0.0000061420472457  -0.0000189784915021  -0.0000280917106522  -0.0000061420463809
   0.0001013340738942  -0.0000189784910504  -0.0000280917102473  -0.0000017496064683
   0.0000008874943758  -0.0000064947940644  -0.0000003851139799   0.0000040753519001
   0.0000081015858510  -0.0000003851138592   0.0000081015852522  -0.0000017496069795
  -0.0000064947941112   0.0000040753531288   0.0000008874942067  -0.0000024621167551
  -0.0000024621160711  -0.0000019842671328  -0.0000024621166717  -0.0000019842676526
  -0.0000024621157948  -0.0000081015864764   0.0000003180076372   0.0000003180071166
  -0.0000083604200592   0.0000151901654637  -0.0000081015852249  -0.0000083604204322
   0.0000151901656140   0.0000003180074302  -0.0000081015858783   0.0000003180072309
  -0.0000081015856168  -0.0000003851143113  -0.0000017496065810   0.0000008874941688
  -0.0000064947948409   0.0000081015866068   0.0000040753529505  -0.0000064947940895
  -0.0000003851144852  -0.0000017496072291   0.0000081015854864   0.0000040753531249
   0.0000008874950440  -0.0000037542694820   0.0000000000000868  -0.0000000000001442
   0.0000037542700972   0.0000058108866971   0.0000020566166867  -0.0000058108863129
   0.0000000000005284  -0.0000020566167441   0.0000130448581776   0.0000042597631254
   0.0000123633597182  -0.0000022069852767  -0.0000109920803289  -0.0000028884837361
  -0.0000130448583540  -0.0000042597640506  -0.0000123633596459   0.0000022069854868
   0.0000028884841948   0.0000109920797901  -0.0000000000000883  -0.0000096633163781
  -0.0000114205247140  -0.0000076784954001  -0.0000019848210663  -0.0000176168572261
  -0.0000158596488902  -0.0000037420294022  -0.0000138748279121  -0.0000000000000883
  -0.0000000000002785  -0.0000086856678096   0.0000043428336725   0.0000000000002484
   0.0000158596489856   0.0000000000000906   0.0000096633157895   0.0000076784943191
   0.0000176168580874   0.0000114205248912   0.0000086856676218   0.0000138748275152
  -0.0000043428338587   0.0000037420304838  -0.0000043428337026   0.0000019848213821
   0.0000043428341977   0.0000138748271827   0.0000076784942329   0.0000019848217684
   0.0000096633157298   0.0000037420306149   0.0000176168575261   0.0000114205245763
   0.0000109920806749  -0.0000042597625009   0.0000158596486796   0.0000028884840523
  -0.0000123633591235   0.0000022069849358   0.0000000000002714  -0.0000130448582400
  -0.0000020566162853  -0.0000058108863138   0.0000020566163521  -0.0000000000002668
  -0.0000037542702953   0.0000058108868977   0.0000037542702788  -0.0000158596489457
  -0.0000019848212276  -0.0000096633159171  -0.0000138748274466   0.0000000000002714
  -0.0000076784944181  -0.0000176168579783   0.0000000000002503  -0.0000037420302602
  -0.0000114205249497  -0.0000028884838680   0.0000123633596156  -0.0000109920797648
   0.0000042597637189  -0.0000022069849066   0.0000000000003336   0.0000130448585770

   0.0000010997944485   0.0000099526998878   0.0000010997923339   0.0000051529743000
  -0.0000091045674727   0.0000051529770254  -0.0000091045699775  -0.0000008945965373
  -0.0000051327607863  -0.0000008945970507   0.0000410845357639  -0.0000051327623103
   0.0000010997935701  -0.0000051327623206  -0.0000091045688516   0.0000010997941474
   0.0000099527017104  -0.0000051327620558  -0.0000091045680527   0.0000074464840191
  -0.0000024852835378  -0.0000066716642494   0.0000018586203169  -0.0000049626637377
   0.0000052101775427   0.0000018586198997   0.0000052101786436   0.0000074464842895
  -0.0000066716644337  -0.0000049626652848  -0.0000024852823930  -0.0000029554947064
  -0.0000029554935144   0.0000040411525471  -0.0000029554931058   0.0000040411525388
  -0.0000029554947883  -0.0000052101771434  -0.0000040721007196  -0.0000040721003023
   0.0000009227541999   0.0000137135152421  -0.0000052101780411   0.0000009227540267
   0.0000137135158063  -0.0000040721004656  -0.0000052101781452  -0.0000040721000143
  -0.0000052101784193   0.0000018586200242   0.0000074464835413  -0.0000024852825588
  -0.0000066716632820   0.0000052101772570  -0.0000049626646806  -0.0000066716640378
   0.0000018586199301   0.0000074464843970   0.0000052101783057  -0.0000049626650976
  -0.0000024852831102   0.0000005722036767   0.0000000000000204   0.0000000000001228
  -0.0000005722053102   0.0000023175133586   0.0000028897186893  -0.0000023175148898
  -0.0000000000016539  -0.0000028897185461   0.0000003013487362  -0.0000045410985800
   0.0000045443832071  -0.0000038920841664  -0.0000087345314827   0.0000003509503045
  -0.0000003013482469   0.0000045411007214  -0.0000045443832576   0.0000038920833659
  -0.0000003509516448   0.0000087345323342  -0.0000000000000208  -0.0000084650917907
   0.0000002699672872  -0.0000048131959266  -0.0000036518958850  -0.0000060482761119
  -0.0000147833351898   0.0000050831631929  -0.0000111314393256  -0.0000000000000208
  -0.0000000000001794   0.0000007160073578  -0.0000003580036599  -0.0000000000001020
   0.0000147833352458   0.0000000000000213   0.0000084650925419   0.0000048131971604
   0.0000060482750222  -0.0000002699676817  -0.0000007160075159   0.0000111314398643
   0.0000003580038773  -0.0000050831648629   0.0000003580033785   0.0000036518953606
  -0.0000003580039580   0.0000111314400974   0.0000048131970491   0.0000036518951425
   0.0000084650920167  -0.0000050831640042   0.0000060482759183  -0.0000002699671300
   0.0000087345309126   0.0000045410984948   0.0000147833350651  -0.0000003509511407
  -0.0000045443835585   0.0000038920835056   0.0000000000001749  -0.0000003013489122
  -0.0000028897188157  -0.0000023175144564   0.0000028897182272  -0.0000000000001719
   0.0000005722041874   0.0000023175136777  -0.0000005722047214  -0.0000147833349269
  -0.0000036518949581  -0.0000084650918437  -0.0000111314397939   0.0000000000001749
  -0.0000048131967107  -0.0000060482751758  -0.0000000000003621   0.0000050831647929
   0.0000002699679074   0.0000003509504442   0.0000045443827414  -0.0000087345324133
  -0.0000045411001161  -0.0000038920840738  -0.0000000000004167   0.0000003013482234


$hessian_approx
 48 48
                  0          1          2          3          4          5    
      0       0.320359   0.089492  -0.021830  -0.324432  -0.072627   0.020897
      1       0.089492   0.177198   0.007719  -0.078928  -0.213693  -0.012946
      2      -0.021830   0.007719   0.116333   0.029903  -0.008619  -0.162023
      3      -0.324432  -0.078928   0.029903   1.044619   0.066351  -0.056493
      4      -0.072627  -0.213693  -0.008619   0.066351   0.769402   0.088515
      5       0.020897  -0.012946  -0.162023  -0.056493   0.088515   0.726179
      6       0.000140   0.000306  -0.000344   0.022991  -0.003009  -0.001910
      7      -0.000306   0.001424  -0.000186   0.048301  -0.006169  -0.004369
      8      -0.000344   0.000186  -0.001800  -0.001826   0.000485   0.002161
      9       0.022991  -0.048301  -0.001826  -0.214754  -0.003099   0.022365
     10       0.003009  -0.006169  -0.000485   0.003099  -0.263975   0.008975
     11      -0.001910   0.004369   0.002161   0.022365  -0.008975  -0.096536
     12       0.000489  -0.000865   0.001052   0.035706   0.000164   0.041485
     13       0.001224  -0.003001   0.003736  -0.010936   0.013371  -0.014467
     14      -0.004074   0.006324   0.000508   0.004808  -0.007279   0.001607
     15      -0.009920   0.024324   0.023241  -0.327178   0.058995   0.092612
     16      -0.014711   0.033979   0.023810   0.040964  -0.173689  -0.090689
     17       0.001116   0.002161   0.012488   0.073078  -0.091775  -0.256090
     18       0.000000   0.000000  -0.000000  -0.000572  -0.000000  -0.000666
     19       0.000357   0.000205  -0.000335   0.004271  -0.004005   0.001482
     20      -0.003761   0.005771   0.001180   0.003490  -0.005428  -0.000960
     21       0.000063   0.000000   0.000867   0.009828  -0.000000  -0.005058
     22       0.001168  -0.002023  -0.000298  -0.032811   0.003070   0.023669
     23       0.005186  -0.008337  -0.000449  -0.011874   0.010326   0.009343
     24      -0.000657   0.001463   0.000566   0.021289   0.030440  -0.020624
     25      -0.000467   0.001546  -0.000654   0.014782   0.010760  -0.010756
     26       0.000495   0.000044  -0.000835   0.011562   0.008951  -0.008392
     27      -0.005529   0.006812  -0.031343  -0.228943  -0.028498  -0.089686
     28      -0.011305   0.017215  -0.022064  -0.032007  -0.153420   0.025178
     29       0.005511  -0.008045   0.030020  -0.077981   0.038646  -0.250331
     30       0.000000   0.000000  -0.000000   0.002254  -0.000000  -0.002089
     31       0.001205  -0.003190   0.000018  -0.005070   0.009789   0.001153
     32      -0.000092   0.001352  -0.000329   0.003833  -0.007401  -0.000750
     33       0.000427  -0.001093  -0.001298  -0.001768  -0.026759   0.001786
     34       0.004413  -0.006362  -0.001506  -0.027993   0.003913  -0.025773
     35      -0.000211  -0.000400   0.001479  -0.003455  -0.023488   0.000540
     36      -0.000150  -0.000306   0.000206  -0.001816   0.004461   0.000055
     37       0.000306  -0.001424   0.000186  -0.003701   0.009039   0.000303
     38      -0.000206   0.000186   0.000103  -0.000300  -0.000651   0.000997
     39      -0.001816   0.003701   0.000300  -0.039599  -0.019702  -0.002660
     40      -0.004461   0.009039  -0.000651   0.019702  -0.011887   0.008528
     41      -0.000055   0.000303   0.000997   0.002660   0.008528   0.035375
     42      -0.000150  -0.000306   0.000206  -0.001816   0.003009   0.000516
     43      -0.000306   0.001424  -0.000186   0.003701  -0.006169  -0.001128
     44      -0.000206   0.000186   0.000103  -0.000300   0.000485   0.000063
     45      -0.001816   0.003701   0.000300   0.004190  -0.009727  -0.000530
     46       0.003009  -0.006169  -0.000485  -0.009727   0.013663   0.002324
     47      -0.000516   0.001128   0.000063   0.000530  -0.002324  -0.001179
                  6          7          8          9         10         11    
      0       0.000140  -0.000306  -0.000344   0.022991   0.003009  -0.001910
      1       0.000306   0.001424   0.000186  -0.048301  -0.006169   0.004369
      2      -0.000344  -0.000186  -0.001800  -0.001826  -0.000485   0.002161
      3       0.022991   0.048301  -0.001826  -0.214754   0.003099   0.022365
      4      -0.003009  -0.006169   0.000485  -0.003099  -0.263975  -0.008975
      5      -0.001910  -0.004369   0.002161   0.022365   0.008975  -0.096536
      6       0.320359  -0.089492  -0.021830  -0.324432   0.072627   0.020897
      7      -0.089492   0.177198  -0.007719   0.078928  -0.213693   0.012946
      8      -0.021830  -0.007719   0.116333   0.029903   0.008619  -0.162023
      9      -0.324432   0.078928   0.029903   1.044619  -0.066351  -0.056493
     10       0.072627  -0.213693   0.008619  -0.066351   0.769402  -0.088515
     11       0.020897   0.012946  -0.162023  -0.056493  -0.088515   0.726179
     12      -0.000000   0.000000   0.000000  -0.000572  -0.000000  -0.000666
     13      -0.000357   0.000205   0.000335  -0.004271  -0.004005  -0.001482
     14      -0.003761  -0.005771   0.001180   0.003490   0.005428  -0.000960
     15       0.000063   0.000000   0.000867   0.009828  -0.000000  -0.005058
     16      -0.001168  -0.002023   0.000298   0.032811   0.003070  -0.023669
     17       0.005186   0.008337  -0.000449  -0.011874  -0.010326   0.009343
     18       0.000489   0.000865   0.001052   0.035706  -0.000164   0.041485
     19      -0.001224  -0.003001  -0.003736   0.010936   0.013371   0.014467
     20      -0.004074  -0.006324   0.000508   0.004808   0.007279   0.001607
     21      -0.009920  -0.024324   0.023241  -0.327178  -0.058995   0.092612
     22       0.014711   0.033979  -0.023810  -0.040964  -0.173689   0.090689
     23       0.001116  -0.002161   0.012488   0.073078   0.091775  -0.256090
     24       0.000000  -0.000000  -0.000000   0.002254   0.000000  -0.002089
     25      -0.001205  -0.003190  -0.000018   0.005070   0.009789  -0.001153
     26      -0.000092  -0.001352  -0.000329   0.003833   0.007401  -0.000750
     27       0.000427   0.001093  -0.001298  -0.001768   0.026759   0.001786
     28      -0.004413  -0.006362   0.001506   0.027993   0.003913   0.025773
     29      -0.000211   0.000400   0.001479  -0.003455   0.023488   0.000540
     30      -0.000657  -0.001463   0.000566   0.021289  -0.030440  -0.020624
     31       0.000467   0.001546   0.000654  -0.014782   0.010760   0.010756
     32       0.000495  -0.000044  -0.000835   0.011562  -0.008951  -0.008392
     33      -0.005529  -0.006812  -0.031343  -0.228943   0.028498  -0.089686
     34       0.011305   0.017215   0.022064   0.032007  -0.153420  -0.025178
     35       0.005511   0.008045   0.030020  -0.077981  -0.038646  -0.250331
     36      -0.000150   0.000306   0.000206  -0.001816  -0.003009   0.000516
     37       0.000306   0.001424   0.000186  -0.003701  -0.006169   0.001128
     38      -0.000206  -0.000186   0.000103  -0.000300  -0.000485   0.000063
     39      -0.001816  -0.003701   0.000300   0.004190   0.009727  -0.000530
     40      -0.003009  -0.006169   0.000485   0.009727   0.013663  -0.002324
     41      -0.000516  -0.001128   0.000063   0.000530   0.002324  -0.001179
     42      -0.000150   0.000306   0.000206  -0.001816  -0.004461   0.000055
     43      -0.000306  -0.001424  -0.000186   0.003701   0.009039  -0.000303
     44      -0.000206  -0.000186   0.000103  -0.000300   0.000651   0.000997
     45      -0.001816  -0.003701   0.000300  -0.039599   0.019702  -0.002660
     46       0.004461   0.009039   0.000651  -0.019702  -0.011887  -0.008528
     47      -0.000055  -0.000303   0.000997   0.002660  -0.008528   0.035375
                 12         13         14         15         16         17    
      0       0.000489   0.001224  -0.004074  -0.009920  -0.014711   0.001116
      1      -0.000865  -0.003001   0.006324   0.024324   0.033979   0.002161
      2       0.001052   0.003736   0.000508   0.023241   0.023810   0.012488
      3       0.035706  -0.010936   0.004808  -0.327178   0.040964   0.073078
      4       0.000164   0.013371  -0.007279   0.058995  -0.173689  -0.091775
      5       0.041485  -0.014467   0.001607   0.092612  -0.090689  -0.256090
      6      -0.000000  -0.000357  -0.003761   0.000063  -0.001168   0.005186
      7       0.000000   0.000205  -0.005771   0.000000  -0.002023   0.008337
      8       0.000000   0.000335   0.001180   0.000867   0.000298  -0.000449
      9      -0.000572  -0.004271   0.003490   0.009828   0.032811  -0.011874
     10      -0.000000  -0.004005   0.005428  -0.000000   0.003070  -0.010326
     11      -0.000666  -0.001482  -0.000960  -0.005058  -0.023669   0.009343
     12       0.148480   0.000000   0.000000  -0.220129   0.000000  -0.000000
     13       0.000000   0.057548   0.067525   0.000000  -0.073466  -0.040248
     14       0.000000   0.067525   0.364309   0.000000  -0.058080  -0.368984
     15      -0.220129   0.000000   0.000000   0.835497   0.000000  -0.000000
     16       0.000000  -0.073466  -0.058080   0.000000   0.357338   0.238986
     17      -0.000000  -0.040248  -0.368984  -0.000000   0.238986   0.882231
     18      -0.000000  -0.000000  -0.000000  -0.000000  -0.000000   0.000000
     19      -0.000000  -0.000714  -0.005500  -0.000000  -0.001649   0.007353
     20       0.000000   0.005500   0.005939   0.000000   0.000332  -0.004856
     21      -0.000000  -0.000000  -0.000000  -0.000790  -0.000000   0.000000
     22      -0.000000  -0.001649  -0.000332  -0.000000   0.000392  -0.000603
     23      -0.000000  -0.007353  -0.004856  -0.000000   0.000603   0.001038
     24      -0.000000  -0.000000  -0.000000  -0.000481  -0.000000   0.000000
     25       0.000000   0.001421  -0.006888   0.000000  -0.000638   0.010155
     26      -0.000000  -0.000174  -0.007793  -0.000000  -0.000893   0.010515
     27       0.000402   0.000000   0.000000   0.039161   0.000000  -0.000000
     28       0.000000   0.011698   0.008634   0.000000  -0.006157  -0.031161
     29       0.000000  -0.001336   0.007388   0.000000   0.001048  -0.050864
     30      -0.000000  -0.000000  -0.000000  -0.000000  -0.000000   0.000000
     31      -0.000000  -0.001421   0.006888  -0.000000   0.002775  -0.010718
     32      -0.000000  -0.000174  -0.007793  -0.000000  -0.002593   0.010963
     33      -0.000000  -0.000000  -0.000000   0.001157  -0.000000   0.000000
     34      -0.000000  -0.006558  -0.009650  -0.000000  -0.001269   0.009443
     35       0.000000   0.000018   0.007120   0.000000   0.001096  -0.010623
     36       0.000489  -0.001224   0.004074  -0.009920   0.014711  -0.001116
     37       0.000865  -0.003001   0.006324  -0.024324   0.033979   0.002161
     38      -0.001052   0.003736   0.000508  -0.023241   0.023810   0.012488
     39       0.035706   0.010936  -0.004808  -0.327178  -0.040964  -0.073078
     40      -0.000164   0.013371  -0.007279  -0.058995  -0.173689  -0.091775
     41      -0.041485  -0.014467   0.001607  -0.092612  -0.090689  -0.256090
     42       0.000000   0.000357   0.003761   0.000063   0.001168  -0.005186
     43       0.000000   0.000205  -0.005771   0.000000  -0.002023   0.008337
     44       0.000000   0.000335   0.001180  -0.000867   0.000298  -0.000449
     45      -0.000572   0.004271  -0.003490   0.009828  -0.032811   0.011874
     46      -0.000000  -0.004005   0.005428  -0.000000   0.003070  -0.010326
     47       0.000666  -0.001482  -0.000960   0.005058  -0.023669   0.009343
                 18         19         20         21         22         23    
      0       0.000000   0.000357  -0.003761   0.000063   0.001168   0.005186
      1       0.000000   0.000205   0.005771   0.000000  -0.002023  -0.008337
      2      -0.000000  -0.000335   0.001180   0.000867  -0.000298  -0.000449
      3      -0.000572   0.004271   0.003490   0.009828  -0.032811  -0.011874
      4      -0.000000  -0.004005  -0.005428  -0.000000   0.003070   0.010326
      5      -0.000666   0.001482  -0.000960  -0.005058   0.023669   0.009343
      6       0.000489  -0.001224  -0.004074  -0.009920   0.014711   0.001116
      7       0.000865  -0.003001  -0.006324  -0.024324   0.033979  -0.002161
      8       0.001052  -0.003736   0.000508   0.023241  -0.023810   0.012488
      9       0.035706   0.010936   0.004808  -0.327178  -0.040964   0.073078
     10      -0.000164   0.013371   0.007279  -0.058995  -0.173689   0.091775
     11       0.041485   0.014467   0.001607   0.092612   0.090689  -0.256090
     12      -0.000000  -0.000000   0.000000  -0.000000  -0.000000  -0.000000
     13      -0.000000  -0.000714   0.005500  -0.000000  -0.001649  -0.007353
     14      -0.000000  -0.005500   0.005939  -0.000000  -0.000332  -0.004856
     15      -0.000000  -0.000000   0.000000  -0.000790  -0.000000  -0.000000
     16      -0.000000  -0.001649   0.000332  -0.000000   0.000392   0.000603
     17       0.000000   0.007353  -0.004856   0.000000  -0.000603   0.001038
     18       0.148480   0.000000  -0.000000  -0.220129   0.000000   0.000000
     19       0.000000   0.057548  -0.067525   0.000000  -0.073466   0.040248
     20      -0.000000  -0.067525   0.364309  -0.000000   0.058080  -0.368984
     21      -0.220129   0.000000  -0.000000   0.835497   0.000000   0.000000
     22       0.000000  -0.073466   0.058080   0.000000   0.357338  -0.238986
     23       0.000000   0.040248  -0.368984   0.000000  -0.238986   0.882231
     24       0.000000   0.000000  -0.000000   0.000000   0.000000   0.000000
     25      -0.000000  -0.001421  -0.006888  -0.000000   0.002775   0.010718
     26       0.000000   0.000174  -0.007793   0.000000   0.002593   0.010963
     27      -0.000000  -0.000000   0.000000   0.001157  -0.000000  -0.000000
     28      -0.000000  -0.006558   0.009650  -0.000000  -0.001269  -0.009443
     29      -0.000000  -0.000018   0.007120  -0.000000  -0.001096  -0.010623
     30       0.000000   0.000000  -0.000000  -0.000481   0.000000   0.000000
     31       0.000000   0.001421   0.006888   0.000000  -0.000638  -0.010155
     32       0.000000   0.000174  -0.007793   0.000000   0.000893   0.010515
     33       0.000402   0.000000  -0.000000   0.039161   0.000000   0.000000
     34       0.000000   0.011698  -0.008634   0.000000  -0.006157   0.031161
     35      -0.000000   0.001336   0.007388  -0.000000  -0.001048  -0.050864
     36      -0.000000  -0.000357   0.003761   0.000063  -0.001168  -0.005186
     37       0.000000   0.000205   0.005771   0.000000  -0.002023  -0.008337
     38      -0.000000  -0.000335   0.001180  -0.000867  -0.000298  -0.000449
     39      -0.000572  -0.004271  -0.003490   0.009828   0.032811   0.011874
     40      -0.000000  -0.004005  -0.005428  -0.000000   0.003070   0.010326
     41       0.000666   0.001482  -0.000960   0.005058   0.023669   0.009343
     42       0.000489   0.001224   0.004074  -0.009920  -0.014711  -0.001116
     43      -0.000865  -0.003001  -0.006324   0.024324   0.033979  -0.002161
     44      -0.001052  -0.003736   0.000508  -0.023241  -0.023810   0.012488
     45       0.035706  -0.010936  -0.004808  -0.327178   0.040964  -0.073078
     46       0.000164   0.013371   0.007279   0.058995  -0.173689   0.091775
     47      -0.041485   0.014467   0.001607  -0.092612   0.090689  -0.256090
                 24         25         26         27         28         29    
      0      -0.000657  -0.000467   0.000495  -0.005529  -0.011305   0.005511
      1       0.001463   0.001546   0.000044   0.006812   0.017215  -0.008045
      2       0.000566  -0.000654  -0.000835  -0.031343  -0.022064   0.030020
      3       0.021289   0.014782   0.011562  -0.228943  -0.032007  -0.077981
      4       0.030440   0.010760   0.008951  -0.028498  -0.153420   0.038646
      5      -0.020624  -0.010756  -0.008392  -0.089686   0.025178  -0.250331
      6       0.000000  -0.001205  -0.000092   0.000427  -0.004413  -0.000211
      7      -0.000000  -0.003190  -0.001352   0.001093  -0.006362   0.000400
      8      -0.000000  -0.000018  -0.000329  -0.001298   0.001506   0.001479
      9       0.002254   0.005070   0.003833  -0.001768   0.027993  -0.003455
     10       0.000000   0.009789   0.007401   0.026759   0.003913   0.023488
     11      -0.002089  -0.001153  -0.000750   0.001786   0.025773   0.000540
     12      -0.000000   0.000000  -0.000000   0.000402   0.000000   0.000000
     13      -0.000000   0.001421  -0.000174   0.000000   0.011698  -0.001336
     14      -0.000000  -0.006888  -0.007793   0.000000   0.008634   0.007388
     15      -0.000481   0.000000  -0.000000   0.039161   0.000000   0.000000
     16      -0.000000  -0.000638  -0.000893   0.000000  -0.006157   0.001048
     17       0.000000   0.010155   0.010515  -0.000000  -0.031161  -0.050864
     18       0.000000  -0.000000   0.000000  -0.000000  -0.000000  -0.000000
     19       0.000000  -0.001421   0.000174  -0.000000  -0.006558  -0.000018
     20      -0.000000  -0.006888  -0.007793   0.000000   0.009650   0.007120
     21       0.000000  -0.000000   0.000000   0.001157  -0.000000  -0.000000
     22       0.000000   0.002775   0.002593  -0.000000  -0.001269  -0.001096
     23       0.000000   0.010718   0.010963  -0.000000  -0.009443  -0.010623
     24       0.119304  -0.000000   0.000000  -0.168304  -0.000000  -0.000000
     25      -0.000000   0.220674  -0.114889   0.000000  -0.273478   0.090804
     26       0.000000  -0.114889   0.276818  -0.000000   0.070761  -0.295811
     27      -0.168304   0.000000  -0.000000   0.693408   0.000000   0.000000
     28      -0.000000  -0.273478   0.070761   0.000000   0.915935  -0.126558
     29      -0.000000   0.090804  -0.295811   0.000000  -0.126558   0.985462
     30      -0.003944  -0.000000   0.000000   0.007652  -0.000000  -0.000000
     31       0.000000   0.005902   0.003504  -0.000000   0.006955  -0.045657
     32       0.000000  -0.003504  -0.001100  -0.000000  -0.008836   0.034815
     33       0.007652  -0.000000   0.000000  -0.101850  -0.000000  -0.000000
     34       0.000000   0.006955   0.008836  -0.000000  -0.369816  -0.026166
     35      -0.000000   0.045657   0.034815   0.000000   0.026166  -0.240906
     36      -0.000657   0.000467  -0.000495  -0.005529   0.011305  -0.005511
     37      -0.001463   0.001546   0.000044  -0.006812   0.017215  -0.008045
     38      -0.000566  -0.000654  -0.000835   0.031343  -0.022064   0.030020
     39       0.021289  -0.014782  -0.011562  -0.228943   0.032007   0.077981
     40      -0.030440   0.010760   0.008951   0.028498  -0.153420   0.038646
     41       0.020624  -0.010756  -0.008392   0.089686   0.025178  -0.250331
     42      -0.000000   0.001205   0.000092   0.000427   0.004413   0.000211
     43      -0.000000  -0.003190  -0.001352  -0.001093  -0.006362   0.000400
     44      -0.000000  -0.000018  -0.000329   0.001298   0.001506   0.001479
     45       0.002254  -0.005070  -0.003833  -0.001768  -0.027993   0.003455
     46       0.000000   0.009789   0.007401  -0.026759   0.003913   0.023488
     47       0.002089  -0.001153  -0.000750  -0.001786   0.025773   0.000540
                 30         31         32         33         34         35    
      0       0.000000   0.001205  -0.000092   0.000427   0.004413  -0.000211
      1       0.000000  -0.003190   0.001352  -0.001093  -0.006362  -0.000400
      2      -0.000000   0.000018  -0.000329  -0.001298  -0.001506   0.001479
      3       0.002254  -0.005070   0.003833  -0.001768  -0.027993  -0.003455
      4      -0.000000   0.009789  -0.007401  -0.026759   0.003913  -0.023488
      5      -0.002089   0.001153  -0.000750   0.001786  -0.025773   0.000540
      6      -0.000657   0.000467   0.000495  -0.005529   0.011305   0.005511
      7      -0.001463   0.001546  -0.000044  -0.006812   0.017215   0.008045
      8       0.000566   0.000654  -0.000835  -0.031343   0.022064   0.030020
      9       0.021289  -0.014782   0.011562  -0.228943   0.032007  -0.077981
     10      -0.030440   0.010760  -0.008951   0.028498  -0.153420  -0.038646
     11      -0.020624   0.010756  -0.008392  -0.089686  -0.025178  -0.250331
     12      -0.000000  -0.000000  -0.000000  -0.000000  -0.000000   0.000000
     13      -0.000000  -0.001421  -0.000174  -0.000000  -0.006558   0.000018
     14      -0.000000   0.006888  -0.007793  -0.000000  -0.009650   0.007120
     15      -0.000000  -0.000000  -0.000000   0.001157  -0.000000   0.000000
     16      -0.000000   0.002775  -0.002593  -0.000000  -0.001269   0.001096
