
$orca_opt_file

$trust
    0.300000000000

$epredict
    0.000000000000

$ediffsc
  1000.000000000000

$ctyp
  4

$coordinates
 3 48
  -2.68908029   2.68908029   2.68908029  -1.48910419   1.48910419   1.48910419
  -2.68908029  -2.68908029   2.68908029  -1.48910419  -1.48910419   1.48910419
   2.68908029   2.68908029   2.68908029   1.48910419   1.48910419   1.48910419
  -2.68908029   2.68908029  -2.68908029  -1.48910419   1.48910419  -1.48910419
   2.68908029  -2.68908029   2.68908029   1.48910419  -1.48910419   1.48910419
  -2.68908029  -2.68908029  -2.68908029  -1.48910419  -1.48910419  -1.48910419
   2.68908029   2.68908029  -2.68908029   1.48910419   1.48910419  -1.48910419
   2.68908029  -2.68908029  -2.68908029   1.48910419  -1.48910419  -1.48910419

  -2.68333557   2.68333556   2.68333555  -1.48446615   1.48446614   1.48446614
  -2.68333555  -2.68333557   2.68333557  -1.48446614  -1.48446615   1.48446614
   2.68333554   2.68333558   2.68333556   1.48446614   1.48446615   1.48446615
  -2.68333556   2.68333558  -2.68333555  -1.48446614   1.48446615  -1.48446615
   2.68333557  -2.68333555   2.68333556   1.48446616  -1.48446614   1.48446615
  -2.68333558  -2.68333556  -2.68333556  -1.48446616  -1.48446615  -1.48446615
   2.68333557   2.68333555  -2.68333555   1.48446615   1.48446614  -1.48446614
   2.68333557  -2.68333559  -2.68333557   1.48446615  -1.48446616  -1.48446616

  -2.68233267   2.68233273   2.68233268  -1.48333899   1.48333903   1.48333900
  -2.68233273  -2.68233267   2.68233272  -1.48333903  -1.48333900   1.48333902
   2.68233274   2.68233266   2.68233271   1.48333903   1.48333900   1.48333902
  -2.68233277   2.68233269  -2.68233271  -1.48333904   1.48333900  -1.48333902
   2.68233265  -2.68233273   2.68233268   1.48333899  -1.48333902   1.48333900
  -2.68233267  -2.68233275  -2.68233267  -1.48333900  -1.48333903  -1.48333900
   2.68233269   2.68233272  -2.68233268   1.48333900   1.48333904  -1.48333901
   2.68233275  -2.68233267  -2.68233272   1.48333903  -1.48333899  -1.48333902


# redundant internal coordinates
#  nbonds nangles ndihedrals nimpropers ncartesians
# bond  definitions A B
# angle definitions A B C
# dihedral definitions A B C D
# improper torsion definitions A B C D
# cartesian definitions A x/y/z
$redundant_internals
 20 48 108 0 0
   1   0   0
   3   2   0
   3   1   0
   5   4   0
   5   1   0
   7   6   0
   7   1   0
   9   8   0
   9   5   0
   9   3   0
  11  10   0
  11   7   0
  11   3   0
  13   7   0
  13   5   0
  13  12   0
  15  14   0
  15  13   0
  15  11   0
  15   9   0
   0   1   3   0   0
   0   1   7   0   0
   3   1   5   0   0
   0   1   5   0   0
   5   1   7   0   0
   3   1   7   0   0
   1   3  11   0   0
   1   3   9   0   0
   1   3   2   0   0
   2   3  11   0   0
   9   3  11   0   0
   2   3   9   0   0
   4   5  13   0   0
   9   5  13   0   0
   4   5   9   0   0
   1   5  13   0   0
   1   5   9   0   0
   1   5   4   0   0
  11   7  13   0   0
   1   7  13   0   0
   6   7  11   0   0
   1   7  11   0   0
   1   7   6   0   0
   6   7  13   0   0
   3   9   8   0   0
   3   9   5   0   0
   8   9  15   0   0
   5   9  15   0   0
   3   9  15   0   0
   5   9   8   0   0
   7  11  10   0   0
   3  11  10   0   0
   3  11   7   0   0
  10  11  15   0   0
   7  11  15   0   0
   3  11  15   0   0
   5  13   7   0   0
  12  13  15   0   0
   7  13  15   0   0
   5  13  15   0   0
   7  13  12   0   0
   5  13  12   0   0
  13  15  14   0   0
  11  15  14   0   0
   9  15  14   0   0
  11  15  13   0   0
   9  15  13   0   0
   9  15  11   0   0
   9   3   1   5   0
  11   3   1   5   0
   2   3   1   5   0
   2   3   1   7   0
  11   3   1   7   0
   9   3   1   0   0
   9   3   1   7   0
   2   3   1   0   0
  11   3   1   0   0
   4   5   1   3   0
   4   5   1   7   0
   4   5   1   0   0
  13   5   1   3   0
   9   5   1   0   0
  13   5   1   7   0
   9   5   1   7   0
  13   5   1   0   0
   9   5   1   3   0
  11   7   1   5   0
   6   7   1   5   0
  13   7   1   0   0
  11   7   1   3   0
   6   7   1   3   0
  13   7   1   3   0
   6   7   1   0   0
  13   7   1   5   0
  11   7   1   0   0
   5   9   3   1   0
   8   9   3   1   0
  15   9   5  13   0
  15   9   5   4   0
   8   9   5  13   0
   8   9   5   4   0
   8   9   5   1   0
   5   9   3  11   0
  15   9   3   2   0
   3   9   5   1   0
  15   9   3  11   0
   3   9   5  13   0
  15   9   3   1   0
   8   9   3  11   0
  15   9   5   1   0
   8   9   3   2   0
   3   9   5   4   0
   5   9   3   2   0
  15  11   7   6   0
  15  11   7   1   0
  10  11   7  13   0
  10  11   7   1   0
   3  11   7  13   0
   3  11   7   6   0
   3  11   7   1   0
  15  11   3   9   0
  15  11   3   1   0
  10  11   3   1   0
   7  11   3   9   0
   7  11   3   2   0
  10  11   7   6   0
   7  11   3   1   0
  10  11   3   2   0
  10  11   3   9   0
  15  11   7  13   0
  15  11   3   2   0
  15  13   7  11   0
  15  13   7   6   0
  12  13   7  11   0
  12  13   7   6   0
  12  13   7   1   0
   5  13   7   6   0
   5  13   7   1   0
  15  13   5   9   0
  15  13   5   4   0
  15  13   5   1   0
   5  13   7  11   0
  12  13   5   9   0
  12  13   5   4   0
  12  13   5   1   0
  15  13   7   1   0
   7  13   5   9   0
   7  13   5   4   0
   7  13   5   1   0
  14  15  13  12   0
  14  15  13   5   0
  11  15  13  12   0
  11  15  13   7   0
   9  15  13  12   0
   9  15  13   7   0
   9  15  13   5   0
  14  15  11  10   0
  14  15  11   7   0
  14  15  11   3   0
  13  15  11  10   0
  13  15  11   7   0
  13  15  11   3   0
   9  15  11  10   0
   9  15  11   7   0
   9  15  11   3   0
  14  15   9   8   0
  14  15   9   5   0
  14  15   9   3   0
  13  15   9   8   0
  11  15  13   5   0
  13  15   9   5   0
  13  15   9   3   0
  11  15   9   8   0
  14  15  13   7   0
  11  15   9   5   0
  11  15   9   3   0
$energies
 3
 -309.0349413347659606
 -309.0351741229451932
 -309.0351890532670041

$gradients
 3 48
  -0.0003847208609753   0.0003847211398582   0.0003847223706363  -0.0025449282048016
   0.0025449249930989   0.0025449258894944  -0.0003847209079006  -0.0003847207869767
   0.0003847204439350  -0.0025449260519825  -0.0025449250593428   0.0025449270880634
   0.0003847235892326   0.0003847223669628   0.0003847234197696   0.0025449250909678
   0.0025449229659845   0.0025449231777172  -0.0003847208025498   0.0003847208380919
  -0.0003847225832788  -0.0025449244273035   0.0025449218703531  -0.0025449247742118
   0.0003847226661014  -0.0003847229137874   0.0003847232292065   0.0025449238935451
  -0.0025449259951128   0.0025449223308089  -0.0003847213513901  -0.0003847215659438
  -0.0003847217616616  -0.0025449203207601  -0.0025449240469460  -0.0025449251636496
   0.0003847222054725   0.0003847230127400  -0.0003847227621907   0.0025449248876316
   0.0025449232660510  -0.0025449291145902   0.0003847206012926  -0.0003847202077857
  -0.0003847210806276   0.0025449199929741  -0.0025449198786494  -0.0025449207078863

   0.0000362264673862  -0.0000362264505085  -0.0000362262770733  -0.0006069078554134
   0.0006069060502531   0.0006069067844765   0.0000362267739474   0.0000362264986599
  -0.0000362258985428  -0.0006068978069503  -0.0006069021316339   0.0006068966385490
  -0.0000362291826356  -0.0000362260730107  -0.0000362276461198   0.0006068974402244
   0.0006069015905407   0.0006068990963194   0.0000362308895384  -0.0000362287325733
   0.0000362292373050  -0.0006068989052422   0.0006069021464855  -0.0006068998189992
  -0.0000362253200673   0.0000362272419392  -0.0000362262361675   0.0006069084356160
  -0.0006069027019342   0.0006069060140974   0.0000362248610135   0.0000362269350576
   0.0000362257305088  -0.0006069065050551  -0.0006069000249855  -0.0006069047829864
  -0.0000362264465139  -0.0000362248923191   0.0000362245644136   0.0006069042827114
   0.0006068983849111  -0.0006069006372372  -0.0000362293776914   0.0000362276399420
   0.0000362288541376   0.0006069022487921  -0.0006069054796232  -0.0006069056214217

   0.0000045029150570  -0.0000044994603447  -0.0000045006671846   0.0000033428730326
  -0.0000033274631517  -0.0000033379801162   0.0000045023648292   0.0000045033876577
  -0.0000045028996776   0.0000033346224881   0.0000033456249786  -0.0000033375803610
  -0.0000045027599966  -0.0000045027853312  -0.0000045012416057  -0.0000033310328215
  -0.0000033450689927  -0.0000033367241650   0.0000044960949645  -0.0000045016418620
   0.0000044993295555   0.0000033316678931  -0.0000033445132136   0.0000033369251215
  -0.0000045021399170   0.0000045002509289  -0.0000045011914650  -0.0000033438447519
   0.0000033301458660  -0.0000033383978607   0.0000045006296645   0.0000044979196416
   0.0000044995344132   0.0000033430687461   0.0000033310738894   0.0000033413948032
  -0.0000045026559346  -0.0000045013170876   0.0000045037374740  -0.0000033408340910
  -0.0000033307020248   0.0000033395476740  -0.0000044995519728   0.0000045007946386
   0.0000045002594208  -0.0000033314194622   0.0000033437545161   0.0000033359545164


$redundant_coords
 3 176
   2.0784195644773704   2.0784195644773704   2.9782083870598921   2.0784195644773704
   2.9782083870598921   2.0784195644773704   2.9782083870598921   2.0784195644773704
   2.9782083870598921   2.9782083870598921   2.0784195644773704   2.9782083870598921
   2.9782083870598921   2.9782083870598921   2.9782083870598921   2.0784195644773704
   2.0784195644773704   2.9782083870598921   2.9782083870598921   2.9782083870598921
   2.1862760354652848   2.1862760354652844   1.5707963267948966   2.1862760354652848
   1.5707963267948966   1.5707963267948966   1.5707963267948966   1.5707963267948966
   2.1862760354652848   2.1862760354652844   1.5707963267948966   2.1862760354652848
   2.1862760354652844   1.5707963267948966   2.1862760354652848   1.5707963267948966
   1.5707963267948966   2.1862760354652848   1.5707963267948966   1.5707963267948966
   2.1862760354652848   1.5707963267948966   2.1862760354652848   2.1862760354652848
   2.1862760354652848   1.5707963267948966   2.1862760354652844   1.5707963267948966
   1.5707963267948966   2.1862760354652848   2.1862760354652848   2.1862760354652848
   1.5707963267948966   2.1862760354652848   1.5707963267948966   1.5707963267948966
   1.5707963267948966   2.1862760354652848   1.5707963267948966   1.5707963267948966
   2.1862760354652848   2.1862760354652848   2.1862760354652848   2.1862760354652848
   2.1862760354652848   1.5707963267948966   1.5707963267948966   1.5707963267948966
   0.0000000000000000  -1.5707963267948966   2.3561944901923448  -2.3561944901923448
   0.0000000000000000  -2.3561944901923448   1.5707963267948966   0.0000000000000000
   2.3561944901923448  -2.3561944901923448   2.3561944901923448   0.0000000000000000
   1.5707963267948966   2.3561944901923448   0.0000000000000000  -1.5707963267948966
  -2.3561944901923448   0.0000000000000000   1.5707963267948966  -2.3561944901923448
   2.3561944901923448   0.0000000000000000   2.3561944901923448  -1.5707963267948966
   0.0000000000000000   0.0000000000000000  -2.3561944901923448   0.0000000000000000
   2.3561944901923448   0.0000000000000000  -2.3561944901923448   2.3561944901923448
   0.0000000000000000  -2.3561944901923448   1.5707963267948966   2.3561944901923448
   0.0000000000000000   0.0000000000000000  -1.5707963267948966  -1.5707963267948966
  -2.3561944901923448   1.5707963267948966   0.0000000000000000   2.3561944901923448
  -2.3561944901923448   2.3561944901923448  -1.5707963267948966  -2.3561944901923448
   2.3561944901923448   1.5707963267948966  -2.3561944901923448   0.0000000000000000
   0.0000000000000000   1.5707963267948966  -2.3561944901923448  -1.5707963267948966
   2.3561944901923448   0.0000000000000000   0.0000000000000000   0.0000000000000000
   2.3561944901923448   0.0000000000000000  -2.3561944901923448   0.0000000000000000
  -2.3561944901923448   2.3561944901923448   0.0000000000000000  -2.3561944901923448
   2.3561944901923448   0.0000000000000000   0.0000000000000000   2.3561944901923448
  -1.5707963267948966  -1.5707963267948966  -2.3561944901923448   0.0000000000000000
   2.3561944901923448   1.5707963267948966   1.5707963267948966  -2.3561944901923448
   0.0000000000000000   0.0000000000000000  -2.3561944901923448  -2.3561944901923448
   0.0000000000000000   2.3561944901923448  -1.5707963267948966   0.0000000000000000
   0.0000000000000000  -2.3561944901923448   2.3561944901923448   2.3561944901923448
   0.0000000000000000  -1.5707963267948966  -2.3561944901923448   1.5707963267948966
   0.0000000000000000   0.0000000000000000   2.3561944901923448  -2.3561944901923448
  -2.3561944901923448   1.5707963267948966   0.0000000000000000   1.5707963267948966
   2.3561944901923448   2.3561944901923448  -1.5707963267948966   0.0000000000000000

   2.0765027406340901   2.0765027443424202   2.9689322959606237   2.0765027323225933
   2.9689322868117456   2.0765027408788730   2.9689322887142708   2.0765027332643391
   2.9689322938221139   2.9689322953095845   2.0765027401234000   2.9689323016550402
   2.9689322937474998   2.9689322969998733   2.9689322883795928   2.0765027346400049
   2.0765027447557016   2.9689323041331805   2.9689323086176964   2.9689323009983424
   2.1862760369208800   2.1862760298615713   1.5707963271310765   2.1862760362905456
   1.5707963282184418   1.5707963297343981   1.5707963257733968   1.5707963257384210
   2.1862760337571525   2.1862760352834441   1.5707963338043611   2.1862760338681659
   2.1862760347065393   1.5707963209310494   2.1862760392949006   1.5707963288029314
   1.5707963293209712   2.1862760333346793   1.5707963263585640   1.5707963252586250
   2.1862760376462940   1.5707963255506947   2.1862760300972961   2.1862760409268880
   2.1862760364197222   1.5707963249891181   2.1862760322246775   1.5707963361317321
   1.5707963242678895   2.1862760342130549   2.1862760371504781   2.1862760358714532
   1.5707963261210973   2.1862760361811358   1.5707963280659201   1.5707963222276715
   1.5707963248995889   2.1862760309895526   1.5707963311443611   1.5707963369090092
   2.1862760342854806   2.1862760322337116   2.1862760420333220   2.1862760399353536
   2.1862760376405199   1.5707963216107417   1.5707963132077962   1.5707963268796648
  -0.0000000012224584  -1.5707963267948966   2.3561944844469140  -2.3561944945142308
  -0.0000000068083775  -2.3561944939473412   1.5707963267948966  -0.0000000082779687
   2.3561944794278840  -2.3561944954052914   2.3561944820398972  -0.0000000022346950
   1.5707963267948966   2.3561944943930548  -0.0000000075808902  -1.5707963267948966
  -2.3561944918554825   0.0000000012224584   1.5707963267948966  -2.3561944850033161
   2.3561944964014536   0.0000000068083775   2.3561944950451936  -1.5707963267948966
   0.0000000038172470   0.0000000075808902  -2.3561944844195688   0.0000000012224584
   2.3561944885129948  -0.0000000057575001  -2.3561944917209185   2.3561944883033106
   0.0000000023398925  -2.3561944900733445   1.5707963267948966   2.3561944866794384
  -0.0000000012224584  -0.0000000091358769  -1.5707963267948966  -1.5707963267948966
  -2.3561944928931946   1.5707963267948966   0.0000000029221208   2.3561944911907786
  -2.3561944843684155   2.3561944952446696  -1.5707963267948966  -2.3561944974447719
   2.3561944844761893   1.5707963267948966  -2.3561944897072453  -0.0000000068083775
   0.0000000091358768   1.5707963267948966  -2.3561944853805969  -1.5707963267948966
   2.3561944934349794   0.0000000015773216   0.0000000068083775   0.0000000012460053
   2.3561944960605690  -0.0000000037774242  -2.3561944856786861   0.0000000037774242
  -2.3561944929249390   2.3561944911553461  -0.0000000055470172  -2.3561944904735452
   2.3561944773456380  -0.0000000075808902   0.0000000057575001   2.3561944949653792
  -1.5707963267948966  -1.5707963267948966  -2.3561944859342496   0.0000000032736296
   2.3561944919243651   1.5707963267948966   1.5707963267948966  -2.3561944810698456
   0.0000000075808902   0.0000000024882065  -2.3561944900832961  -2.3561944934859191
  -0.0000000037774242   2.3561944868140028  -1.5707963267948966  -0.0000000057575001
   0.0000000006725864  -2.3561944936801895   2.3561944873782994   2.3561944981302005
   0.0000000037774242  -1.5707963267948966  -2.3561944958415895   1.5707963267948966
  -0.0000000091358768  -0.0000000022773292   2.3561944931894763  -2.3561944890009912
  -2.3561944897093055   1.5707963267948966   0.0000000057575000   1.5707963267948966
   2.3561944958595396   2.3561944921967015  -1.5707963267948966   0.0000000091358768

   2.0767179868614960   2.0767179905338486   2.9666780219032347   2.0767179860908240
   2.9666780208981294   2.0767180068433566   2.9666780211157548   2.0767179786552803
   2.9666780221055276   2.9666780125904055   2.0767179829412665   2.9666780349629440
   2.9666780186822908   2.9666780366529335   2.9666780250921225   2.0767179741237829
   2.0767180046320277   2.9666780299564928   2.9666780307036236   2.9666780184654757
   2.1862760294875616   2.1862760243971868   1.5707963303395904   2.1862760322565888
   1.5707963512988714   1.5707963273904375   1.5707963306014878   1.5707963233183913
   2.1862760406761916   2.1862760379164343   1.5707963101189097   2.1862760393615237
   2.1862760369917282   1.5707963329848995   2.1862760362938305   1.5707963076015092
   1.5707963204498574   2.1862760467916948   1.5707963236947966   1.5707963036312651
   2.1862760411591915   1.5707963253790898   2.1862760326523096   2.1862760521567397
   2.1862760257289477   1.5707963330717476   2.1862760277171556   1.5707963232512758
   1.5707963495764394   2.1862760349080808   2.1862760373746295   2.1862760296776815
   1.5707963238085709   2.1862760287163514   1.5707963282074353   1.5707963433978001
   1.5707963446479400   2.1862760270303863   1.5707963278896191   1.5707963183712008
   2.1862760421464125   2.1862760297774106   2.1862760351723418   2.1862760440722209
   2.1862760387042171   1.5707963273877354   1.5707963325722094   1.5707963040864374
  -0.0000000144703530  -1.5707963057214724   2.3561944814402702  -2.3561944744404446
   0.0000000267096089  -2.3561944994427226   1.5707963267948966  -0.0000000035320996
   2.3561944976179539  -2.3561944785576761   2.3561945012314727   0.0000000044566951
   1.5707963478683207   2.3561944974847244   0.0000000200648149  -1.5707963057214724
  -2.3561944767099621   0.0000000144703530   1.5707963009853283  -2.3561945087097378
   2.3561944822673979  -0.0000000267096088   2.3561944681302585  -1.5707963478683207
  -0.0000000063775246  -0.0000000200648149  -2.3561945012173919   0.0000000144703530
   2.3561945032669143   0.0000000275045767  -2.3561944716223593   2.3561945028017894
   0.0000000036748535  -2.3561944967762876   1.5707963478683207   2.3561945015584298
  -0.0000000144703530   0.0000000218205648  -1.5707963267948966  -1.5707963057214724
  -2.3561944733111844   1.5707963267948966   0.0000000064266806   2.3561944859807880
  -2.3561944823698804   2.3561945016668022  -1.5707963057214724  -2.3561944964674884
   2.3561945070808323   1.5707963478683207  -2.3561944621149840   0.0000000267096088
  -0.0000000218205647   1.5707963009853283  -2.3561945125233965  -1.5707963526044648
   2.3561944763918881   0.0000000182562394  -0.0000000267096088  -0.0000000094219000
   2.3561944713377985  -0.0000000130569260  -2.3561945025802631   0.0000000130569260
  -2.3561944938903618   2.3561944971395179  -0.0000000098077698  -2.3561944846609784
   2.3561944949180234   0.0000000200648148  -0.0000000275045766   2.3561944711288714
  -1.5707963478683207  -1.5707962934748871  -2.3561944933225463   0.0000000053109015
   2.3561944934071826   1.5707963267948966   1.5707963009853283  -2.3561945081610958
  -0.0000000200648148  -0.0000000050780738  -2.3561944728384834  -2.3561945078281630
  -0.0000000130569260   2.3561944952649863  -1.5707963267948966   0.0000000275045767
   0.0000000061328913  -2.3561944833999986   2.3561944999710174   2.3561945025898154
   0.0000000130569260  -1.5707963057214724  -2.3561944720175614   1.5707963478683207
   0.0000000218205646  -0.0000000100408947   2.3561944703410700  -2.3561945037667691
  -2.3561945078865416   1.5707963478683207  -0.0000000275045767   1.5707963009853283
   2.3561944719053094   2.3561944896931628  -1.5707963526044648  -0.0000000218205647


$redundant_gradients
 3 176
   0.0006663571105364   0.0006663558214096   0.0029296458015275   0.0006663599999152
   0.0029296479258891   0.0006663570254595   0.0029296480819136   0.0006663596725315
   0.0029296461307948   0.0029296461685923   0.0006663572880958   0.0029296444049549
   0.0029296466444631   0.0029296456145553   0.0029296479403980   0.0006663591942980
   0.0006663556777309   0.0029296441165653   0.0029296432184039   0.0029296452820892
  -0.0000000001065910   0.0000000007540015  -0.0000000001962915   0.0000000002497508
  -0.0000000007009987  -0.0000000003714875  -0.0000000000974429   0.0000000003068503
   0.0000000000070737   0.0000000002859793  -0.0000000007033804   0.0000000000562386
   0.0000000000327144   0.0000000000883839  -0.0000000000928751  -0.0000000000750833
  -0.0000000003937602   0.0000000003291862   0.0000000000799696   0.0000000006534817
  -0.0000000000069838  -0.0000000001111686   0.0000000003112476  -0.0000000007442840
  -0.0000000001634713   0.0000000002832014   0.0000000006508886  -0.0000000007647064
  -0.0000000002872112   0.0000000000561472  -0.0000000002866216  -0.0000000002979062
   0.0000000005800990   0.0000000001254535  -0.0000000001768028   0.0000000002459330
   0.0000000001226003   0.0000000008005222  -0.0000000008845309  -0.0000000009809705
   0.0000000001682440   0.0000000002636510  -0.0000000010737944  -0.0000000006594278
  -0.0000000006591434   0.0000000009813642   0.0000000016572930   0.0000000007446587
   0.0000000000906143   0.0000000007939948   0.0000000004820000  -0.0000000002189987
   0.0000000000929961   0.0000000000090761  -0.0000000006103844   0.0000000004004617
   0.0000000007124565   0.0000000002017213   0.0000000005732088   0.0000000000312878
  -0.0000000000022304  -0.0000000002610478   0.0000000003692571   0.0000000002808732
  -0.0000000001726639  -0.0000000000906143  -0.0000000002892875  -0.0000000001902475
  -0.0000000001838953  -0.0000000000929961   0.0000000000060440  -0.0000000001729656
  -0.0000000000048856  -0.0000000003692571  -0.0000000001039257  -0.0000000000906143
   0.0000000001563995  -0.0000000001215136  -0.0000000001904901   0.0000000000739775
   0.0000000000050010  -0.0000000000011058  -0.0000000001880572   0.0000000003174713
   0.0000000000906143   0.0000000005766492   0.0000000001656976   0.0000000006740921
   0.0000000000589566  -0.0000000001965969  -0.0000000002002213   0.0000000000967212
  -0.0000000004472351  -0.0000000004770005  -0.0000000001529369   0.0000000007026017
   0.0000000000491200   0.0000000007464778  -0.0000000002310676   0.0000000000929961
  -0.0000000005766492  -0.0000000002697989  -0.0000000000570994  -0.0000000003998464
   0.0000000000217827  -0.0000000002749436  -0.0000000000929961   0.0000000000576794
  -0.0000000003639497   0.0000000005005448  -0.0000000001550201  -0.0000000005005448
  -0.0000000000443494  -0.0000000001339999   0.0000000003221955  -0.0000000002451684
   0.0000000009366210   0.0000000003692571   0.0000000001215136   0.0000000001016849
   0.0000000005152738   0.0000000004804257  -0.0000000002160546  -0.0000000002358834
   0.0000000001777056  -0.0000000006117134  -0.0000000007630173  -0.0000000007828461
  -0.0000000003692571  -0.0000000001294068  -0.0000000000873498   0.0000000005810880
   0.0000000005005448  -0.0000000001635707  -0.0000000002441139  -0.0000000001215136
   0.0000000000095135   0.0000000005029515  -0.0000000000771475  -0.0000000009939828
  -0.0000000005005448  -0.0000000010806438   0.0000000006633102   0.0000000011567482
   0.0000000005766492   0.0000000000192019  -0.0000000002058527   0.0000000000773487
   0.0000000003465682   0.0000000006231451   0.0000000001215136   0.0000000004047150
  -0.0000000006347960  -0.0000000002099501  -0.0000000008598506  -0.0000000005766492

  -0.0000627459625711  -0.0000627459487332   0.0005706762601012  -0.0000627481026675
   0.0005706746673411  -0.0000627515422523   0.0005706751271993  -0.0000627457333708
   0.0005706759385675   0.0005706770077753  -0.0000627449991493   0.0005706743857249
   0.0005706756477846   0.0005706738137353   0.0005706749412309  -0.0000627440619795
  -0.0000627498172231   0.0005706754387849   0.0005706765917539   0.0005706767586944
   0.0000000010985330   0.0000000008886814  -0.0000000007883002   0.0000000004019880
  -0.0000000015355157  -0.0000000010550266   0.0000000004233278   0.0000000006801393
  -0.0000000009888772  -0.0000000002812102   0.0000000012098295  -0.0000000003656603
  -0.0000000001574589  -0.0000000000945829  -0.0000000002702853   0.0000000012473434
   0.0000000015760584  -0.0000000015018222   0.0000000008160541   0.0000000014728992
  -0.0000000007345705   0.0000000012300449  -0.0000000009800307  -0.0000000007737063
   0.0000000010229603  -0.0000000014678975   0.0000000003245493  -0.0000000000744222
  -0.0000000013508160   0.0000000006982463   0.0000000005101563   0.0000000006371028
  -0.0000000005983462   0.0000000001934072  -0.0000000004615214  -0.0000000008361207
  -0.0000000011847269   0.0000000000603833   0.0000000001188899   0.0000000007059266
  -0.0000000002817956   0.0000000004759074   0.0000000003097280  -0.0000000000698436
  -0.0000000002163824  -0.0000000004734226  -0.0000000005369215   0.0000000009771072
   0.0000000010507172  -0.0000000001591123   0.0000000005144930  -0.0000000010210227
  -0.0000000016946280   0.0000000004937404  -0.0000000004847985  -0.0000000000424838
  -0.0000000007160891  -0.0000000011825859  -0.0000000001275593  -0.0000000001330774
  -0.0000000011453001  -0.0000000000012088  -0.0000000000902736   0.0000000000043093
  -0.0000000000957917  -0.0000000010507172   0.0000000009063277   0.0000000004045467
  -0.0000000002483525   0.0000000016946280   0.0000000011928470   0.0000000008785738
   0.0000000000659206   0.0000000000902736   0.0000000005677016  -0.0000000010507172
  -0.0000000008078031  -0.0000000015474422  -0.0000000010390582  -0.0000000006691477
  -0.0000000001607637   0.0000000005781957  -0.0000000006273894   0.0000000000006101
   0.0000000010507172  -0.0000000005529673  -0.0000000001966261  -0.0000000009762951
  -0.0000000003844753  -0.0000000003000988   0.0000000001691020   0.0000000003117578
  -0.0000000000738121  -0.0000000001831597  -0.0000000008585073   0.0000000004416593
  -0.0000000010312399  -0.0000000002217288  -0.0000000010192804  -0.0000000016946280
   0.0000000005529673   0.0000000012331065   0.0000000011210046   0.0000000010144887
   0.0000000005206265  -0.0000000003558923   0.0000000016946280  -0.0000000000529968
   0.0000000004408653   0.0000000006143919   0.0000000000591051  -0.0000000006143919
   0.0000000001554865  -0.0000000006093668   0.0000000001605116   0.0000000006206781
  -0.0000000005504401  -0.0000000000902736   0.0000000015474422   0.0000000009592779
  -0.0000000000286163  -0.0000000013203185   0.0000000004196034  -0.0000000001685609
  -0.0000000011564551   0.0000000006156530   0.0000000016663320   0.0000000010781678
   0.0000000000902736   0.0000000004981383  -0.0000000009235205   0.0000000008513238
   0.0000000006143919  -0.0000000001257834  -0.0000000003627153  -0.0000000015474422
  -0.0000000001328961  -0.0000000005296041   0.0000000000687421  -0.0000000002176839
  -0.0000000006143919  -0.0000000000160457  -0.0000000007546055  -0.0000000011513135
  -0.0000000005529673   0.0000000001529985   0.0000000012955367  -0.0000000001723607
   0.0000000004049039  -0.0000000005703349   0.0000000015474422   0.0000000000795447
   0.0000000008783265   0.0000000002612064   0.0000000020208647   0.0000000005529673

  -0.0000077959853776  -0.0000077992240612  -0.0000078380414689  -0.0000077981470134
  -0.0000078396449321  -0.0000077925349752  -0.0000078386173957  -0.0000077962968159
  -0.0000078386726659  -0.0000078405536026  -0.0000077931223273  -0.0000078380260639
  -0.0000078396376064  -0.0000078362625964  -0.0000078395137336  -0.0000077986801934
  -0.0000077945784214  -0.0000078382118636  -0.0000078377766799  -0.0000078389139711
   0.0000000007016183   0.0000000001032675  -0.0000000011585579  -0.0000000000970596
   0.0000000020990313  -0.0000000019414908   0.0000000019466950   0.0000000009457958
  -0.0000000001546294  -0.0000000006987323  -0.0000000003675896  -0.0000000009320131
   0.0000000004032331   0.0000000007881599   0.0000000001875940  -0.0000000009589085
   0.0000000008522582  -0.0000000010727273  -0.0000000004193507  -0.0000000024011630
  -0.0000000001930125   0.0000000015975986  -0.0000000002358513   0.0000000012935953
   0.0000000002588925  -0.0000000006394962  -0.0000000001561267  -0.0000000006328270
   0.0000000013036434  -0.0000000001249126  -0.0000000002504291   0.0000000007087253
  -0.0000000016028030  -0.0000000000095837   0.0000000003567173   0.0000000006115104
   0.0000000012610401  -0.0000000004432835  -0.0000000000910179  -0.0000000005859995
   0.0000000003563025  -0.0000000003259855   0.0000000006809147  -0.0000000000525794
   0.0000000000527830   0.0000000001536512   0.0000000004306665  -0.0000000015475644
  -0.0000000002380887   0.0000000001295009  -0.0000000007196980   0.0000000013793333
   0.0000000022285322   0.0000000005616131   0.0000000018609426   0.0000000000800038
   0.0000000009292027  -0.0000000001209348   0.0000000018205560  -0.0000000003558861
   0.0000000010262486   0.0000000000031374   0.0000000029677394   0.0000000021795795
   0.0000000007912973   0.0000000002380887  -0.0000000033870901  -0.0000000022292244
  -0.0000000009329499  -0.0000000022285322  -0.0000000010706664  -0.0000000018091815
  -0.0000000001944349  -0.0000000029677394  -0.0000000013523006   0.0000000002380887
  -0.0000000003949959   0.0000000020244633   0.0000000005333965   0.0000000010825132
  -0.0000000004085535   0.0000000001236047   0.0000000021847837   0.0000000008028317
  -0.0000000002380887   0.0000000028176107   0.0000000007208198   0.0000000008709157
   0.0000000015516991   0.0000000010655547  -0.0000000004630799  -0.0000000007702469
   0.0000000001700047   0.0000000004894477   0.0000000016170218  -0.0000000009502250
   0.0000000014509379  -0.0000000001726308   0.0000000011009581   0.0000000022285322
  -0.0000000028176107  -0.0000000018718149  -0.0000000007727134  -0.0000000031743279
  -0.0000000009945945   0.0000000003233639  -0.0000000022285322   0.0000000004612243
  -0.0000000017185092  -0.0000000007841412  -0.0000000006378772   0.0000000007841412
   0.0000000005617427   0.0000000003181697   0.0000000000957712   0.0000000019157684
   0.0000000011477422   0.0000000029677394  -0.0000000020244633  -0.0000000006858764
  -0.0000000028767214   0.0000000013701407  -0.0000000005810597   0.0000000007575271
  -0.0000000014333179   0.0000000023817399  -0.0000000021154812  -0.0000000007768944
  -0.0000000029677394  -0.0000000003227903   0.0000000010376710  -0.0000000008835624
  -0.0000000007841412   0.0000000006640020   0.0000000007634231   0.0000000020244633
  -0.0000000002995092  -0.0000000002952895   0.0000000013075134   0.0000000007799216
   0.0000000007841412   0.0000000023869442   0.0000000012105880   0.0000000012148077
   0.0000000028176106   0.0000000003263635  -0.0000000005935148  -0.0000000012330110
  -0.0000000011045849   0.0000000004768989  -0.0000000020244633  -0.0000000026639594
  -0.0000000012582361  -0.0000000002233691  -0.0000000021781145  -0.0000000028176107


$hessian_approx
 48 48
                  0          1          2          3          4          5    
      0       0.197087  -0.075388  -0.075388  -0.230478   0.058027   0.058027
      1      -0.075388   0.197087   0.075388   0.058027  -0.230478  -0.058027
      2      -0.075388   0.075388   0.197087   0.058027  -0.058027  -0.230478
      3      -0.230478   0.058027   0.058027   0.812899  -0.108935  -0.108935
      4       0.058027  -0.230478  -0.058027  -0.108935   0.812898   0.108935
      5       0.058027  -0.058027  -0.230478  -0.108935   0.108935   0.812899
      6      -0.001233  -0.000188  -0.001609   0.017450  -0.000256  -0.012316
      7       0.000188  -0.000188  -0.000188  -0.028998  -0.000256   0.028998
      8      -0.001609   0.000188  -0.001233  -0.012316   0.000256   0.017450
      9       0.017450   0.028998  -0.012316  -0.158640   0.015450   0.064612
     10       0.000256  -0.000256  -0.000256  -0.015450  -0.309936   0.015450
     11      -0.012316  -0.028998   0.017450   0.064612  -0.015450  -0.158640
     12      -0.000188   0.000188   0.000188  -0.000256  -0.028998  -0.028998
     13      -0.000188  -0.001233   0.001609  -0.000256   0.017450   0.012316
     14      -0.000188   0.001609  -0.001233  -0.000256   0.012316   0.017450
     15      -0.000256   0.000256   0.000256  -0.309935  -0.015451  -0.015451
     16       0.028998   0.017450   0.012316   0.015450  -0.158640  -0.064612
     17       0.028998   0.012316   0.017450   0.015450  -0.064612  -0.158640
     18      -0.001233  -0.001609  -0.000188   0.017450  -0.012316  -0.000256
     19      -0.001609  -0.001233   0.000188  -0.012316   0.017450   0.000256
     20       0.000188  -0.000188  -0.000188  -0.028998   0.028998  -0.000256
     21       0.017450  -0.012316   0.028998  -0.158640   0.064612   0.015450
     22      -0.012316   0.017450  -0.028998   0.064612  -0.158640  -0.015450
     23       0.000256  -0.000256  -0.000256  -0.015451   0.015451  -0.309935
     24      -0.000188   0.000188   0.000188  -0.000256   0.000256  -0.000889
     25       0.000188  -0.000188  -0.000188   0.000256  -0.000256   0.000889
     26      -0.000188   0.000188   0.000188  -0.000256   0.000256   0.002547
     27      -0.000256   0.000256   0.000256   0.005555   0.033132  -0.004871
     28       0.000256  -0.000256  -0.000256   0.033131   0.005556   0.004872
     29       0.000889  -0.000889   0.002547   0.004872  -0.004872  -0.008291
     30       0.000188  -0.000188  -0.000188   0.002547  -0.000256  -0.000256
     31       0.000188  -0.000188  -0.000188  -0.000889  -0.000256  -0.000256
     32       0.000188  -0.000188  -0.000188  -0.000889  -0.000256  -0.000256
     33       0.002547   0.000889   0.000889  -0.008290   0.004871   0.004871
     34       0.000256  -0.000256  -0.000256  -0.004872   0.005556  -0.033131
     35       0.000256  -0.000256  -0.000256  -0.004871  -0.033132   0.005555
     36      -0.000188   0.000188   0.000188  -0.000256  -0.000889   0.000256
     37      -0.000188   0.000188   0.000188  -0.000256   0.002547   0.000256
     38       0.000188  -0.000188  -0.000188   0.000256   0.000889  -0.000256
     39      -0.000256   0.000256   0.000256   0.005555  -0.004871   0.033132
     40       0.000889   0.002547  -0.000889   0.004871  -0.008291  -0.004871
     41       0.000256  -0.000256  -0.000256   0.033132   0.004871   0.005555
     42      -0.000188   0.000188   0.000188  -0.000256   0.000256   0.000256
     43       0.000188  -0.000188  -0.000188   0.000256  -0.000256  -0.000256
     44       0.000188  -0.000188  -0.000188   0.000256  -0.000256  -0.000256
     45      -0.000256   0.000256   0.000256   0.005556  -0.004633  -0.004633
     46       0.000256  -0.000256  -0.000256  -0.004632   0.005555   0.004632
     47       0.000256  -0.000256  -0.000256  -0.004633   0.004633   0.005556
                  6          7          8          9         10         11    
      0      -0.001233   0.000188  -0.001609   0.017450   0.000256  -0.012316
      1      -0.000188  -0.000188   0.000188   0.028998  -0.000256  -0.028998
      2      -0.001609  -0.000188  -0.001233  -0.012316  -0.000256   0.017450
      3       0.017450  -0.028998  -0.012316  -0.158640  -0.015450   0.064612
      4      -0.000256  -0.000256   0.000256   0.015450  -0.309936  -0.015450
      5      -0.012316   0.028998   0.017450   0.064612   0.015450  -0.158640
      6       0.197087   0.075388  -0.075388  -0.230478  -0.058027   0.058027
      7       0.075388   0.197087  -0.075388  -0.058027  -0.230478   0.058027
      8      -0.075388  -0.075388   0.197087   0.058027   0.058027  -0.230478
      9      -0.230478  -0.058027   0.058027   0.812899   0.108935  -0.108935
     10      -0.058027  -0.230478   0.058027   0.108935   0.812900  -0.108935
     11       0.058027   0.058027  -0.230478  -0.108935  -0.108935   0.812899
     12      -0.000188  -0.000188   0.000188  -0.000256  -0.000256  -0.000889
     13      -0.000188  -0.000188   0.000188  -0.000256  -0.000256  -0.000889
     14      -0.000188  -0.000188   0.000188  -0.000256  -0.000256   0.002547
     15      -0.000256  -0.000256   0.000256   0.005556  -0.033132  -0.004871
     16      -0.000256  -0.000256   0.000256  -0.033132   0.005554  -0.004871
     17       0.000889   0.000889   0.002547   0.004871   0.004871  -0.008290
     18       0.000188   0.000188  -0.000188   0.002547   0.000256  -0.000256
     19      -0.000188  -0.000188   0.000188   0.000889  -0.000256   0.000256
     20       0.000188   0.000188  -0.000188  -0.000889   0.000256  -0.000256
     21       0.002547  -0.000889   0.000889  -0.008290  -0.004871   0.004871
     22      -0.000256  -0.000256   0.000256   0.004871   0.005555   0.033132
     23       0.000256   0.000256  -0.000256  -0.004872   0.033132   0.005555
     24      -0.000188  -0.000188   0.000188  -0.000256   0.028998  -0.028998
     25       0.000188  -0.001233  -0.001609   0.000256   0.017450  -0.012316
     26      -0.000188  -0.001609  -0.001233  -0.000256  -0.012316   0.017450
     27      -0.000256  -0.000256   0.000256  -0.309936   0.015450  -0.015450
     28      -0.028998   0.017450  -0.012316  -0.015451  -0.158640   0.064612
     29       0.028998  -0.012316   0.017450   0.015451   0.064612  -0.158641
     30      -0.001233   0.001609  -0.000188   0.017450   0.012316  -0.000256
     31       0.001609  -0.001233  -0.000188   0.012316   0.017450  -0.000256
     32       0.000188   0.000188  -0.000188  -0.028998  -0.028998  -0.000256
     33       0.017450   0.012316   0.028998  -0.158640  -0.064612   0.015450
     34       0.012316   0.017450   0.028998  -0.064613  -0.158640   0.015451
     35       0.000256   0.000256  -0.000256  -0.015450  -0.015450  -0.309936
     36      -0.000188  -0.000188   0.000188  -0.000256  -0.000256   0.000256
     37      -0.000188  -0.000188   0.000188  -0.000256  -0.000256   0.000256
     38       0.000188   0.000188  -0.000188   0.000256   0.000256  -0.000256
     39      -0.000256  -0.000256   0.000256   0.005555   0.004631  -0.004632
     40      -0.000256  -0.000256   0.000256   0.004632   0.005555  -0.004632
     41       0.000256   0.000256  -0.000256  -0.004632  -0.004631   0.005555
     42      -0.000188  -0.000188   0.000188  -0.000256   0.000889   0.000256
     43       0.000188   0.000188  -0.000188   0.000256   0.002547  -0.000256
     44       0.000188   0.000188  -0.000188   0.000256  -0.000889  -0.000256
     45      -0.000256  -0.000256   0.000256   0.005556   0.004871   0.033132
     46      -0.000889   0.002547   0.000889  -0.004871  -0.008289   0.004871
     47       0.000256   0.000256  -0.000256   0.033131  -0.004871   0.005556
                 12         13         14         15         16         17    
      0      -0.000188  -0.000188  -0.000188  -0.000256   0.028998   0.028998
      1       0.000188  -0.001233   0.001609   0.000256   0.017450   0.012316
      2       0.000188   0.001609  -0.001233   0.000256   0.012316   0.017450
      3      -0.000256  -0.000256  -0.000256  -0.309935   0.015450   0.015450
      4      -0.028998   0.017450   0.012316  -0.015451  -0.158640  -0.064612
      5      -0.028998   0.012316   0.017450  -0.015451  -0.064612  -0.158640
      6      -0.000188  -0.000188  -0.000188  -0.000256  -0.000256   0.000889
      7      -0.000188  -0.000188  -0.000188  -0.000256  -0.000256   0.000889
      8       0.000188   0.000188   0.000188   0.000256   0.000256   0.002547
