
$orca_opt_file

$trust
    0.300000000000

$epredict
    0.000000000000

$ediffsc
  1000.000000000000

$ctyp
  4

$coordinates
 1 48
  -2.66451385   2.66451385   2.66451385  -1.47965556   1.47965556   1.47965556
  -2.66451385  -2.66451385   2.66451385  -1.47965556  -1.47965556   1.47965556
   2.66451385   2.66451385   2.66451385   1.47965556   1.47965556   1.47965556
  -2.66451385   2.66451385  -2.66451385  -1.47965556   1.47965556  -1.47965556
   2.66451385  -2.66451385   2.66451385   1.47965556  -1.47965556   1.47965556
  -2.66451385  -2.66451385  -2.66451385  -1.47965556  -1.47965556  -1.47965556
   2.66451385   2.66451385  -2.66451385   1.47965556   1.47965556  -1.47965556
   2.66451385  -2.66451385  -2.66451385   1.47965556  -1.47965556  -1.47965556


# redundant internal coordinates
#  nbonds nangles ndihedrals nimpropers ncartesians
# bond  definitions A B
# angle definitions A B C
# dihedral definitions A B C D
# improper torsion definitions A B C D
# cartesian definitions A x/y/z
$redundant_internals
 20 48 108 0 0
   1   0   0
   3   2   0
   3   1   0
   5   4   0
   5   1   0
   7   6   0
   7   1   0
   9   8   0
   9   5   0
   9   3   0
  11  10   0
  11   7   0
  11   3   0
  13   7   0
  13   5   0
  13  12   0
  15  14   0
  15  13   0
  15  11   0
  15   9   0
   0   1   3   0   0
   0   1   7   0   0
   3   1   5   0   0
   0   1   5   0   0
   5   1   7   0   0
   3   1   7   0   0
   1   3  11   0   0
   1   3   9   0   0
   1   3   2   0   0
   2   3  11   0   0
   9   3  11   0   0
   2   3   9   0   0
   4   5  13   0   0
   9   5  13   0   0
   4   5   9   0   0
   1   5  13   0   0
   1   5   9   0   0
   1   5   4   0   0
  11   7  13   0   0
   1   7  13   0   0
   6   7  11   0   0
   1   7  11   0   0
   1   7   6   0   0
   6   7  13   0   0
   3   9   8   0   0
   3   9   5   0   0
   8   9  15   0   0
   5   9  15   0   0
   3   9  15   0   0
   5   9   8   0   0
   7  11  10   0   0
   3  11  10   0   0
   3  11   7   0   0
  10  11  15   0   0
   7  11  15   0   0
   3  11  15   0   0
   5  13   7   0   0
  12  13  15   0   0
   7  13  15   0   0
   5  13  15   0   0
   7  13  12   0   0
   5  13  12   0   0
  13  15  14   0   0
  11  15  14   0   0
   9  15  14   0   0
  11  15  13   0   0
   9  15  13   0   0
   9  15  11   0   0
   9   3   1   5   0
  11   3   1   5   0
   2   3   1   5   0
   2   3   1   7   0
  11   3   1   7   0
   9   3   1   0   0
   9   3   1   7   0
   2   3   1   0   0
  11   3   1   0   0
   4   5   1   3   0
   4   5   1   7   0
   4   5   1   0   0
  13   5   1   3   0
   9   5   1   0   0
  13   5   1   7   0
   9   5   1   7   0
  13   5   1   0   0
   9   5   1   3   0
  11   7   1   5   0
   6   7   1   5   0
  13   7   1   0   0
  11   7   1   3   0
   6   7   1   3   0
  13   7   1   3   0
   6   7   1   0   0
  13   7   1   5   0
  11   7   1   0   0
   5   9   3   1   0
   8   9   3   1   0
  15   9   5  13   0
  15   9   5   4   0
   8   9   5  13   0
   8   9   5   4   0
   8   9   5   1   0
   5   9   3  11   0
  15   9   3   2   0
   3   9   5   1   0
  15   9   3  11   0
   3   9   5  13   0
  15   9   3   1   0
   8   9   3  11   0
  15   9   5   1   0
   8   9   3   2   0
   3   9   5   4   0
   5   9   3   2   0
  15  11   7   6   0
  15  11   7   1   0
  10  11   7  13   0
  10  11   7   1   0
   3  11   7  13   0
   3  11   7   6   0
   3  11   7   1   0
  15  11   3   9   0
  15  11   3   1   0
  10  11   3   1   0
   7  11   3   9   0
   7  11   3   2   0
  10  11   7   6   0
   7  11   3   1   0
  10  11   3   2   0
  10  11   3   9   0
  15  11   7  13   0
  15  11   3   2   0
  15  13   7  11   0
  15  13   7   6   0
  12  13   7  11   0
  12  13   7   6   0
  12  13   7   1   0
   5  13   7   6   0
   5  13   7   1   0
  15  13   5   9   0
  15  13   5   4   0
  15  13   5   1   0
   5  13   7  11   0
  12  13   5   9   0
  12  13   5   4   0
  12  13   5   1   0
  15  13   7   1   0
   7  13   5   9   0
   7  13   5   4   0
   7  13   5   1   0
  14  15  13  12   0
  14  15  13   5   0
  11  15  13  12   0
  11  15  13   7   0
   9  15  13  12   0
   9  15  13   7   0
   9  15  13   5   0
  14  15  11  10   0
  14  15  11   7   0
  14  15  11   3   0
  13  15  11  10   0
  13  15  11   7   0
  13  15  11   3   0
   9  15  11  10   0
   9  15  11   7   0
   9  15  11   3   0
  14  15   9   8   0
  14  15   9   5   0
  14  15   9   3   0
  13  15   9   8   0
  11  15  13   5   0
  13  15   9   5   0
  13  15   9   3   0
  11  15   9   8   0
  14  15  13   7   0
  11  15   9   5   0
  11  15   9   3   0
$energies
 1
 -308.7780150935237202

$gradients
 1 48
  -0.0000441390994801   0.0000441371274497   0.0000441380406790   0.0001456747736790
  -0.0001456777530824  -0.0001456753026324  -0.0000441390989802  -0.0000441371276071
   0.0000441380397805   0.0001456747766533   0.0001456777535772  -0.0001456753007847
   0.0000441375139136   0.0000441389148902   0.0000441363719320  -0.0001456703788650
  -0.0001456743270913  -0.0001456708943719  -0.0000441375157887   0.0000441389153396
  -0.0000441363739795   0.0001456703805696  -0.0001456743260360   0.0001456708936709
   0.0000441375143990  -0.0000441389147651   0.0000441363714983  -0.0001456703785350
   0.0001456743268697  -0.0001456708973883  -0.0000441375151343  -0.0000441389157610
  -0.0000441363730900   0.0001456703798368   0.0001456743254133   0.0001456708946235
   0.0000441390988375   0.0000441371264053  -0.0000441380410785  -0.0001456747776570
  -0.0001456777504637   0.0001456753062344   0.0000441390994901  -0.0000441371274284
  -0.0000441380411166  -0.0001456747775894   0.0001456777497493   0.0001456753065296


$redundant_coords
 1 176
   2.0522347510666306   2.0522347510666314   2.9593111257206783   2.0522347510666314
   2.9593111257206783   2.0522347510666314   2.9593111257206783   2.0522347510666306
   2.9593111257206783   2.9593111257206783   2.0522347510666306   2.9593111257206783
   2.9593111257206783   2.9593111257206783   2.9593111257206783   2.0522347510666306
   2.0522347510666306   2.9593111257206783   2.9593111257206783   2.9593111257206783
   2.1862760354652839   2.1862760354652839   1.5707963267948966   2.1862760354652839
   1.5707963267948966   1.5707963267948966   1.5707963267948966   1.5707963267948966
   2.1862760354652839   2.1862760354652844   1.5707963267948966   2.1862760354652844
   2.1862760354652844   1.5707963267948966   2.1862760354652844   1.5707963267948966
   1.5707963267948966   2.1862760354652839   1.5707963267948966   1.5707963267948966
   2.1862760354652844   1.5707963267948966   2.1862760354652839   2.1862760354652844
   2.1862760354652839   1.5707963267948966   2.1862760354652839   1.5707963267948966
   1.5707963267948966   2.1862760354652839   2.1862760354652839   2.1862760354652839
   1.5707963267948966   2.1862760354652839   1.5707963267948966   1.5707963267948966
   1.5707963267948966   2.1862760354652839   1.5707963267948966   1.5707963267948966
   2.1862760354652839   2.1862760354652839   2.1862760354652839   2.1862760354652839
   2.1862760354652839   1.5707963267948966   1.5707963267948966   1.5707963267948966
   0.0000000000000000  -1.5707963267948966   2.3561944901923448  -2.3561944901923448
   0.0000000000000000  -2.3561944901923448   1.5707963267948966   0.0000000000000000
   2.3561944901923448  -2.3561944901923448   2.3561944901923448   0.0000000000000000
   1.5707963267948966   2.3561944901923448   0.0000000000000000  -1.5707963267948966
  -2.3561944901923448   0.0000000000000000   1.5707963267948966  -2.3561944901923448
   2.3561944901923448   0.0000000000000000   2.3561944901923448  -1.5707963267948966
   0.0000000000000000   0.0000000000000000  -2.3561944901923448   0.0000000000000000
   2.3561944901923448   0.0000000000000000  -2.3561944901923448   2.3561944901923448
   0.0000000000000000  -2.3561944901923448   1.5707963267948966   2.3561944901923448
   0.0000000000000000   0.0000000000000000  -1.5707963267948966  -1.5707963267948966
  -2.3561944901923448   1.5707963267948966   0.0000000000000000   2.3561944901923448
  -2.3561944901923448   2.3561944901923448  -1.5707963267948966  -2.3561944901923448
   2.3561944901923448   1.5707963267948966  -2.3561944901923448   0.0000000000000000
   0.0000000000000000   1.5707963267948966  -2.3561944901923448  -1.5707963267948966
   2.3561944901923448   0.0000000000000000   0.0000000000000000   0.0000000000000000
   2.3561944901923448   0.0000000000000000  -2.3561944901923448   0.0000000000000000
  -2.3561944901923448   2.3561944901923448   0.0000000000000000  -2.3561944901923448
   2.3561944901923448   0.0000000000000000   0.0000000000000000   2.3561944901923448
  -1.5707963267948966  -1.5707963267948966  -2.3561944901923448   0.0000000000000000
   2.3561944901923448   1.5707963267948966   1.5707963267948966  -2.3561944901923448
   0.0000000000000000   0.0000000000000000  -2.3561944901923448  -2.3561944901923448
   0.0000000000000000   2.3561944901923448  -1.5707963267948966   0.0000000000000000
   0.0000000000000000  -2.3561944901923448   2.3561944901923448   2.3561944901923448
   0.0000000000000000  -1.5707963267948966  -2.3561944901923448   1.5707963267948966
   0.0000000000000000   0.0000000000000000   2.3561944901923448  -2.3561944901923448
  -2.3561944901923448   1.5707963267948966   0.0000000000000000   1.5707963267948966
   2.3561944901923448   2.3561944901923448  -1.5707963267948966   0.0000000000000000


$redundant_gradients
 1 176
   0.0000764494129541   0.0000764494120542  -0.0001015389085859   0.0000764485663902
  -0.0001015342702366   0.0000764485686153  -0.0001015358914493   0.0000764485661645
  -0.0001015371281233  -0.0001015342706854   0.0000764485677838  -0.0001015371271377
  -0.0001015358920638  -0.0001015342713709  -0.0001015358934600   0.0000764494125829
   0.0000764494133890  -0.0001015389074714  -0.0001015342713879  -0.0001015358945675
  -0.0000000001979716  -0.0000000005130228   0.0000000003004789  -0.0000000000562605
   0.0000000004836914   0.0000000003008920   0.0000000003010887   0.0000000003011688
  -0.0000000001982429  -0.0000000005133847   0.0000000004836097  -0.0000000000561965
  -0.0000000000216633  -0.0000000003010532   0.0000000003458665  -0.0000000004840747
  -0.0000000003006305   0.0000000004435438  -0.0000000003009267  -0.0000000004843708
   0.0000000003458076  -0.0000000003010997  -0.0000000000212319   0.0000000004436231
   0.0000000004436671  -0.0000000003010171  -0.0000000000221374  -0.0000000003002179
  -0.0000000004838470   0.0000000003457392   0.0000000003456868  -0.0000000000211770
  -0.0000000003008810   0.0000000004434181  -0.0000000003006774  -0.0000000004844557
   0.0000000004847541  -0.0000000001982399   0.0000000003009210   0.0000000003006789
  -0.0000000000567488  -0.0000000005131795  -0.0000000001979655  -0.0000000000565785
  -0.0000000005133515   0.0000000003006831   0.0000000003005921   0.0000000004846931
  -0.0000000000003106  -0.0000000004839203   0.0000000000812054   0.0000000005648968
  -0.0000000000002289  -0.0000000000812381   0.0000000004833807   0.0000000000002780
  -0.0000000005648478  -0.0000000005018208  -0.0000000008027128  -0.0000000005210982
  -0.0000000003007425  -0.0000000000189668  -0.0000000006016345  -0.0000000003005814
  -0.0000000003200200   0.0000000000003106   0.0000000003007078   0.0000000004736407
   0.0000000006429997   0.0000000000002289   0.0000000001731619   0.0000000003011557
   0.0000000005150059   0.0000000006016345   0.0000000003420730   0.0000000000003106
   0.0000000005019625  -0.0000000000000830   0.0000000000870421  -0.0000000000871333
  -0.0000000000000083  -0.0000000005712080   0.0000000003013994   0.0000000003194544
  -0.0000000000003106   0.0000000006016172   0.0000000004837640   0.0000000003005285
   0.0000000008030512  -0.0000000004841577   0.0000000005208885   0.0000000005708891
   0.0000000000192366   0.0000000005708300   0.0000000004842268  -0.0000000005709921
  -0.0000000000866212  -0.0000000004845998   0.0000000000863743  -0.0000000000002289
  -0.0000000006016172  -0.0000000003004484  -0.0000000001727906  -0.0000000003009398
  -0.0000000003420579  -0.0000000000000180   0.0000000000002289  -0.0000000005150775
  -0.0000000004739594  -0.0000000000001441  -0.0000000006427353   0.0000000000001441
  -0.0000000005016640  -0.0000000000194161  -0.0000000005212241  -0.0000000003205157
  -0.0000000008023429  -0.0000000006016345   0.0000000000000830   0.0000000001728407
   0.0000000003007136  -0.0000000003005349   0.0000000003426304   0.0000000005153881
   0.0000000006432610  -0.0000000003009556   0.0000000003010040   0.0000000004737617
   0.0000000006016345   0.0000000000000530   0.0000000005652963  -0.0000000000806332
  -0.0000000000001441  -0.0000000005653263  -0.0000000004848371  -0.0000000000000830
   0.0000000005211751   0.0000000000194336   0.0000000003203146   0.0000000005018856
   0.0000000000001441   0.0000000003010251   0.0000000008024777   0.0000000003007362
   0.0000000006016172  -0.0000000005153624  -0.0000000003422847  -0.0000000006433019
  -0.0000000001729946   0.0000000004846100   0.0000000000000830  -0.0000000003009341
  -0.0000000004736778   0.0000000000805422  -0.0000000003006001  -0.0000000006016172


$hessian_approx
 48 48
                  0          1          2          3          4          5    
      0       0.206687  -0.079375  -0.079375  -0.241915   0.061761   0.061761
      1      -0.079375   0.206687   0.079375   0.061761  -0.241915  -0.061761
      2      -0.079375   0.079375   0.206687   0.061761  -0.061761  -0.241915
      3      -0.241915   0.061761   0.061761   0.849744  -0.119146  -0.119146
      4       0.061761  -0.241915  -0.061761  -0.119146   0.849744   0.119146
      5       0.061761  -0.061761  -0.241915  -0.119146   0.119146   0.849744
      6      -0.001556   0.000000  -0.001556   0.017924  -0.000000  -0.012320
      7      -0.000000  -0.000000  -0.000000  -0.030244   0.000000   0.030244
      8      -0.001556   0.000000  -0.001556  -0.012320  -0.000000   0.017924
      9       0.017924   0.030244  -0.012320  -0.157942   0.009925   0.060528
     10       0.000000   0.000000   0.000000  -0.009925  -0.327297   0.009925
     11      -0.012320  -0.030244   0.017924   0.060528  -0.009925  -0.157942
     12       0.000000   0.000000  -0.000000  -0.000000  -0.030244  -0.030244
     13      -0.000000  -0.001556   0.001556  -0.000000   0.017924   0.012320
     14      -0.000000   0.001556  -0.001556   0.000000   0.012320   0.017924
     15      -0.000000  -0.000000   0.000000  -0.327297  -0.009925  -0.009925
     16       0.030244   0.017924   0.012320   0.009925  -0.157942  -0.060528
     17       0.030244   0.012320   0.017924   0.009925  -0.060528  -0.157942
     18      -0.001556  -0.001556   0.000000   0.017924  -0.012320  -0.000000
     19      -0.001556  -0.001556  -0.000000  -0.012320   0.017924   0.000000
     20      -0.000000   0.000000  -0.000000  -0.030244   0.030244   0.000000
     21       0.017924  -0.012320   0.030244  -0.157942   0.060528   0.009925
     22      -0.012320   0.017924  -0.030244   0.060528  -0.157942  -0.009925
     23       0.000000  -0.000000  -0.000000  -0.009925   0.009925  -0.327297
     24      -0.000000   0.000000   0.000000   0.000000   0.000000  -0.001246
     25      -0.000000   0.000000   0.000000  -0.000000   0.000000   0.001246
     26      -0.000000   0.000000   0.000000  -0.000000  -0.000000   0.002492
     27       0.000000  -0.000000   0.000000  -0.000000   0.039670   0.000747
     28       0.000000  -0.000000  -0.000000   0.039670   0.000000  -0.000747
     29       0.001246  -0.001246   0.002492  -0.000747   0.000747  -0.002989
     30      -0.000000  -0.000000   0.000000   0.002492   0.000000  -0.000000
     31       0.000000   0.000000   0.000000  -0.001246   0.000000   0.000000
     32       0.000000  -0.000000   0.000000  -0.001246  -0.000000   0.000000
     33       0.002492   0.001246   0.001246  -0.002989  -0.000747  -0.000747
     34      -0.000000  -0.000000  -0.000000   0.000747   0.000000  -0.039670
     35      -0.000000   0.000000  -0.000000   0.000747  -0.039670  -0.000000
     36      -0.000000   0.000000  -0.000000  -0.000000  -0.001246  -0.000000
     37       0.000000   0.000000  -0.000000   0.000000   0.002492   0.000000
     38       0.000000   0.000000  -0.000000  -0.000000   0.001246  -0.000000
     39       0.000000  -0.000000   0.000000   0.000000   0.000747   0.039670
     40       0.001246   0.002492  -0.001246  -0.000747  -0.002989   0.000747
     41      -0.000000   0.000000  -0.000000   0.039670  -0.000747   0.000000
     42      -0.000000  -0.000000  -0.000000   0.000000   0.000000  -0.000000
     43      -0.000000  -0.000000   0.000000   0.000000   0.000000  -0.000000
     44      -0.000000   0.000000  -0.000000  -0.000000  -0.000000   0.000000
     45       0.000000   0.000000  -0.000000  -0.000000   0.000998   0.000998
     46       0.000000   0.000000  -0.000000   0.000998  -0.000000  -0.000998
     47       0.000000   0.000000   0.000000   0.000998  -0.000998  -0.000000
                  6          7          8          9         10         11    
      0      -0.001556   0.000000  -0.001556   0.017924   0.000000  -0.012320
      1      -0.000000   0.000000   0.000000   0.030244   0.000000  -0.030244
      2      -0.001556  -0.000000  -0.001556  -0.012320  -0.000000   0.017924
      3       0.017924  -0.030244  -0.012320  -0.157942  -0.009925   0.060528
      4       0.000000  -0.000000  -0.000000   0.009925  -0.327297  -0.009925
      5      -0.012320   0.030244   0.017924   0.060528   0.009925  -0.157942
      6       0.206687   0.079375  -0.079375  -0.241915  -0.061761   0.061761
      7       0.079375   0.206687  -0.079375  -0.061761  -0.241915   0.061761
      8      -0.079375  -0.079375   0.206687   0.061761   0.061761  -0.241915
      9      -0.241915  -0.061761   0.061761   0.849744   0.119146  -0.119146
     10      -0.061761  -0.241915   0.061761   0.119146   0.849744  -0.119146
     11       0.061761   0.061761  -0.241915  -0.119146  -0.119146   0.849744
     12      -0.000000   0.000000   0.000000   0.000000   0.000000  -0.001246
     13       0.000000  -0.000000  -0.000000   0.000000  -0.000000  -0.001246
     14      -0.000000   0.000000   0.000000  -0.000000  -0.000000   0.002492
     15      -0.000000  -0.000000  -0.000000  -0.000000  -0.039670   0.000747
     16      -0.000000   0.000000   0.000000  -0.039670   0.000000   0.000747
     17       0.001246   0.001246   0.002492  -0.000747  -0.000747  -0.002989
     18      -0.000000  -0.000000  -0.000000   0.002492  -0.000000   0.000000
     19      -0.000000  -0.000000  -0.000000   0.001246  -0.000000   0.000000
     20       0.000000  -0.000000  -0.000000  -0.001246  -0.000000  -0.000000
     21       0.002492  -0.001246   0.001246  -0.002989   0.000747  -0.000747
     22       0.000000   0.000000   0.000000  -0.000747   0.000000   0.039670
     23      -0.000000   0.000000   0.000000   0.000747   0.039670   0.000000
     24      -0.000000  -0.000000   0.000000  -0.000000   0.030244  -0.030244
     25      -0.000000  -0.001556  -0.001556   0.000000   0.017924  -0.012320
     26      -0.000000  -0.001556  -0.001556   0.000000  -0.012320   0.017924
     27       0.000000   0.000000  -0.000000  -0.327297   0.009925  -0.009925
     28      -0.030244   0.017924  -0.012320  -0.009925  -0.157942   0.060528
     29       0.030244  -0.012320   0.017924   0.009925   0.060528  -0.157942
     30      -0.001556   0.001556  -0.000000   0.017924   0.012320  -0.000000
     31       0.001556  -0.001556   0.000000   0.012320   0.017924  -0.000000
     32      -0.000000   0.000000  -0.000000  -0.030244  -0.030244   0.000000
     33       0.017924   0.012320   0.030244  -0.157942  -0.060528   0.009925
     34       0.012320   0.017924   0.030244  -0.060528  -0.157942   0.009925
     35       0.000000  -0.000000   0.000000  -0.009925  -0.009925  -0.327297
     36      -0.000000  -0.000000  -0.000000   0.000000  -0.000000  -0.000000
     37      -0.000000   0.000000   0.000000  -0.000000   0.000000   0.000000
     38      -0.000000  -0.000000  -0.000000   0.000000   0.000000   0.000000
     39       0.000000  -0.000000   0.000000  -0.000000  -0.000998   0.000998
     40       0.000000  -0.000000  -0.000000  -0.000998  -0.000000   0.000998
     41      -0.000000   0.000000   0.000000   0.000998   0.000998  -0.000000
     42      -0.000000   0.000000   0.000000  -0.000000   0.001246  -0.000000
     43      -0.000000   0.000000   0.000000   0.000000   0.002492   0.000000
     44      -0.000000  -0.000000   0.000000  -0.000000  -0.001246  -0.000000
     45       0.000000  -0.000000  -0.000000   0.000000  -0.000747   0.039670
     46      -0.001246   0.002492   0.001246   0.000747  -0.002989  -0.000747
     47       0.000000   0.000000  -0.000000   0.039670   0.000747   0.000000
                 12         13         14         15         16         17    
      0       0.000000  -0.000000   0.000000  -0.000000   0.030244   0.030244
      1       0.000000  -0.001556   0.001556  -0.000000   0.017924   0.012320
      2      -0.000000   0.001556  -0.001556   0.000000   0.012320   0.017924
      3      -0.000000   0.000000  -0.000000  -0.327297   0.009925   0.009925
      4      -0.030244   0.017924   0.012320  -0.009925  -0.157942  -0.060528
      5      -0.030244   0.012320   0.017924  -0.009925  -0.060528  -0.157942
      6      -0.000000  -0.000000  -0.000000   0.000000  -0.000000   0.001246
      7       0.000000   0.000000   0.000000   0.000000  -0.000000   0.001246
      8      -0.000000   0.000000   0.000000  -0.000000  -0.000000   0.002492
      9       0.000000   0.000000   0.000000  -0.000000  -0.039670  -0.000747
     10      -0.000000  -0.000000  -0.000000  -0.039670   0.000000  -0.000747
     11      -0.001246  -0.001246   0.002492   0.000747   0.000747  -0.002989
     12       0.206687   0.079375   0.079375  -0.241915  -0.061761  -0.061761
     13       0.079375   0.206687   0.079375  -0.061761  -0.241915  -0.061761
     14       0.079375   0.079375   0.206687  -0.061761  -0.061761  -0.241915
     15      -0.241915  -0.061761  -0.061761   0.849744   0.119146   0.119146
     16      -0.061761  -0.241915  -0.061761   0.119146   0.849744   0.119146
     17      -0.061761  -0.061761  -0.241915   0.119146   0.119146   0.849744
     18      -0.000000  -0.000000  -0.000000   0.000000   0.001246  -0.000000
     19      -0.000000   0.000000  -0.000000  -0.000000   0.002492  -0.000000
     20       0.000000   0.000000  -0.000000  -0.000000   0.001246  -0.000000
     21       0.000000  -0.000000   0.000000  -0.000000  -0.000747  -0.039670
     22      -0.001246   0.002492  -0.001246   0.000747  -0.002989   0.000747
     23       0.000000   0.000000   0.000000  -0.039670  -0.000747   0.000000
     24      -0.001556  -0.000000   0.001556   0.017924   0.000000   0.012320
     25       0.000000   0.000000   0.000000   0.030244   0.000000   0.030244
     26       0.001556  -0.000000  -0.001556   0.012320   0.000000   0.017924
     27       0.017924  -0.030244   0.012320  -0.157942  -0.009925  -0.060528
     28      -0.000000   0.000000   0.000000   0.009925  -0.327297   0.009925
     29       0.012320  -0.030244   0.017924  -0.060528  -0.009925  -0.157942
     30       0.000000  -0.000000  -0.000000   0.000000   0.000000   0.000000
     31      -0.000000  -0.000000   0.000000  -0.000000  -0.000000  -0.000000
     32       0.000000   0.000000  -0.000000   0.000000  -0.000000   0.000000
     33      -0.000000  -0.000000  -0.000000  -0.000000  -0.000998  -0.000998
     34       0.000000   0.000000  -0.000000  -0.000998  -0.000000  -0.000998
     35      -0.000000  -0.000000   0.000000  -0.000998  -0.000998  -0.000000
     36      -0.001556   0.001556  -0.000000   0.017924   0.012320   0.000000
     37       0.001556  -0.001556  -0.000000   0.012320   0.017924  -0.000000
     38       0.000000   0.000000  -0.000000   0.030244   0.030244   0.000000
     39       0.017924   0.012320  -0.030244  -0.157942  -0.060528  -0.009925
     40       0.012320   0.017924  -0.030244  -0.060528  -0.157942  -0.009925
     41      -0.000000  -0.000000   0.000000   0.009925   0.009925  -0.327297
     42      -0.000000  -0.000000   0.000000   0.002492  -0.000000   0.000000
     43       0.000000   0.000000   0.000000   0.001246   0.000000   0.000000
     44       0.000000  -0.000000   0.000000   0.001246   0.000000  -0.000000
     45       0.002492  -0.001246  -0.001246  -0.002989   0.000747   0.000747
     46       0.000000  -0.000000   0.000000  -0.000747   0.000000  -0.039670
     47      -0.000000   0.000000   0.000000  -0.000747  -0.039670   0.000000
                 18         19         20         21         22         23    
      0      -0.001556  -0.001556  -0.000000   0.017924  -0.012320   0.000000
      1      -0.001556  -0.001556  -0.000000  -0.012320   0.017924  -0.000000
      2       0.000000  -0.000000  -0.000000   0.030244  -0.030244   0.000000
      3       0.017924  -0.012320  -0.030244  -0.157942   0.060528  -0.009925
      4      -0.012320   0.017924   0.030244   0.060528  -0.157942   0.009925
      5      -0.000000   0.000000   0.000000   0.009925  -0.009925  -0.327297
      6      -0.000000   0.000000  -0.000000   0.002492   0.000000   0.000000
      7      -0.000000   0.000000  -0.000000  -0.001246   0.000000  -0.000000
      8      -0.000000   0.000000  -0.000000   0.001246   0.000000  -0.000000
      9       0.002492   0.001246  -0.001246  -0.002989  -0.000747   0.000747
     10      -0.000000  -0.000000  -0.000000   0.000747   0.000000   0.039670
     11       0.000000  -0.000000   0.000000  -0.000747   0.039670   0.000000
     12       0.000000  -0.000000   0.000000   0.000000  -0.001246  -0.000000
     13      -0.000000   0.000000   0.000000   0.000000   0.002492   0.000000
     14       0.000000   0.000000  -0.000000  -0.000000  -0.001246  -0.000000
     15      -0.000000  -0.000000   0.000000  -0.000000   0.000747  -0.039670
     16       0.001246   0.002492   0.001246  -0.000747  -0.002989  -0.000747
     17      -0.000000  -0.000000   0.000000  -0.039670   0.000747   0.000000
     18       0.206687  -0.079375   0.079375  -0.241915   0.061761  -0.061761
     19      -0.079375   0.206687  -0.079375   0.061761  -0.241915   0.061761
     20       0.079375  -0.079375   0.206687  -0.061761   0.061761  -0.241915
     21      -0.241915   0.061761  -0.061761   0.849744  -0.119146   0.119146
     22       0.061761  -0.241915   0.061761  -0.119146   0.849744  -0.119146
     23      -0.061761   0.061761  -0.241915   0.119146  -0.119146   0.849744
     24       0.000000   0.000000  -0.000000  -0.000000  -0.000000  -0.000000
     25       0.000000  -0.000000  -0.000000  -0.000000   0.000000   0.000000
     26      -0.000000  -0.000000   0.000000  -0.000000   0.000000   0.000000
     27      -0.000000  -0.000000   0.000000   0.000000   0.000998  -0.000998
     28      -0.000000   0.000000   0.000000   0.000998  -0.000000   0.000998
     29       0.000000   0.000000  -0.000000  -0.000998   0.000998  -0.000000
     30      -0.001556  -0.000000   0.001556   0.017924  -0.000000   0.012320
     31      -0.000000   0.000000  -0.000000  -0.030244   0.000000  -0.030244
     32       0.001556  -0.000000  -0.001556   0.012320  -0.000000   0.017924
     33       0.017924   0.030244   0.012320  -0.157942   0.009925  -0.060528
     34       0.000000  -0.000000   0.000000  -0.009925  -0.327297  -0.009925
     35       0.012320   0.030244   0.017924  -0.060528   0.009925  -0.157942
     36      -0.000000  -0.000000   0.000000   0.000000  -0.030244   0.030244
     37      -0.000000  -0.001556  -0.001556  -0.000000   0.017924  -0.012320
     38      -0.000000  -0.001556  -0.001556   0.000000  -0.012320   0.017924
     39       0.000000   0.000000  -0.000000  -0.327297  -0.009925   0.009925
     40       0.030244   0.017924  -0.012320   0.009925  -0.157942   0.060528
     41      -0.030244  -0.012320   0.017924  -0.009925   0.060528  -0.157942
     42      -0.000000   0.000000   0.000000   0.000000  -0.000000   0.001246
     43       0.000000  -0.000000  -0.000000   0.000000   0.000000  -0.001246
     44      -0.000000   0.000000   0.000000   0.000000   0.000000   0.002492
     45       0.000000  -0.000000  -0.000000  -0.000000   0.039670  -0.000747
     46      -0.000000   0.000000  -0.000000   0.039670   0.000000   0.000747
     47      -0.001246   0.001246   0.002492   0.000747  -0.000747  -0.002989
                 24         25         26         27         28         29    
      0      -0.000000  -0.000000  -0.000000   0.000000  -0.000000   0.001246
      1       0.000000  -0.000000  -0.000000   0.000000  -0.000000  -0.001246
      2       0.000000   0.000000   0.000000   0.000000   0.000000   0.002492
      3      -0.000000  -0.000000   0.000000  -0.000000   0.039670  -0.000747
      4       0.000000   0.000000   0.000000   0.039670   0.000000   0.000747
      5      -0.001246   0.001246   0.002492   0.000747  -0.000747  -0.002989
      6      -0.000000  -0.000000  -0.000000   0.000000  -0.030244   0.030244
      7       0.000000  -0.001556  -0.001556   0.000000   0.017924  -0.012320
      8       0.000000  -0.001556  -0.001556  -0.000000  -0.012320   0.017924
      9       0.000000   0.000000   0.000000  -0.327297  -0.009925   0.009925
     10       0.030244   0.017924  -0.012320   0.009925  -0.157942   0.060528
     11      -0.030244  -0.012320   0.017924  -0.009925   0.060528  -0.157942
     12      -0.001556  -0.000000   0.001556   0.017924  -0.000000   0.012320
     13      -0.000000   0.000000   0.000000  -0.030244   0.000000  -0.030244
     14       0.001556  -0.000000  -0.001556   0.012320  -0.000000   0.017924
     15       0.017924   0.030244   0.012320  -0.157942   0.009925  -0.060528
     16      -0.000000  -0.000000  -0.000000  -0.009925  -0.327297  -0.009925
     17       0.012320   0.030244   0.017924  -0.060528   0.009925  -0.157942
     18      -0.000000   0.000000   0.000000  -0.000000  -0.000000   0.000000
     19       0.000000   0.000000   0.000000  -0.000000   0.000000   0.000000
     20       0.000000  -0.000000  -0.000000  -0.000000   0.000000   0.000000
     21       0.000000  -0.000000  -0.000000   0.000000   0.000998  -0.000998
     22      -0.000000  -0.000000  -0.000000   0.000998  -0.000000   0.000998
     23      -0.000000   0.000000   0.000000  -0.000998   0.000998  -0.000000
     24       0.206687  -0.079375   0.079375  -0.241915   0.061761  -0.061761
     25      -0.079375   0.206687  -0.079375   0.061761  -0.241915   0.061761
     26       0.079375  -0.079375   0.206687  -0.061761   0.061761  -0.241915
     27      -0.241915   0.061761  -0.061761   0.849744  -0.119146   0.119146
     28       0.061761  -0.241915   0.061761  -0.119146   0.849744  -0.119146
     29      -0.061761   0.061761  -0.241915   0.119146  -0.119146   0.849744
     30       0.000000  -0.000000   0.000000  -0.000000  -0.001246  -0.000000
     31      -0.000000   0.000000  -0.000000   0.000000   0.002492   0.000000
     32      -0.000000  -0.000000   0.000000  -0.000000  -0.001246  -0.000000
     33      -0.000000  -0.000000  -0.000000  -0.000000   0.000747  -0.039670
     34       0.001246   0.002492   0.001246  -0.000747  -0.002989  -0.000747
     35       0.000000  -0.000000  -0.000000  -0.039670   0.000747   0.000000
     36       0.000000   0.000000   0.000000   0.002492   0.000000   0.000000
     37      -0.000000  -0.000000  -0.000000  -0.001246  -0.000000   0.000000
     38      -0.000000  -0.000000   0.000000   0.001246   0.000000  -0.000000
     39       0.002492   0.001246  -0.001246  -0.002989  -0.000747   0.000747
     40       0.000000   0.000000   0.000000   0.000747   0.000000   0.039670
     41       0.000000   0.000000  -0.000000  -0.000747   0.039670   0.000000
     42      -0.001556  -0.001556  -0.000000   0.017924  -0.012320   0.000000
     43      -0.001556  -0.001556  -0.000000  -0.012320   0.017924  -0.000000
     44       0.000000  -0.000000  -0.000000   0.030244  -0.030244   0.000000
     45       0.017924  -0.012320  -0.030244  -0.157942   0.060528  -0.009925
     46      -0.012320   0.017924   0.030244   0.060528  -0.157942   0.009925
     47      -0.000000   0.000000   0.000000   0.009925  -0.009925  -0.327297
                 30         31         32         33         34         35    
      0       0.000000  -0.000000  -0.000000   0.002492   0.000000   0.000000
      1      -0.000000  -0.000000   0.000000   0.001246  -0.000000   0.000000
      2       0.000000   0.000000  -0.000000   0.001246   0.000000   0.000000
      3       0.002492  -0.001246  -0.001246  -0.002989   0.000747   0.000747
      4       0.000000   0.000000  -0.000000  -0.000747   0.000000  -0.039670
      5      -0.000000  -0.000000   0.000000  -0.000747  -0.039670  -0.000000
      6      -0.001556   0.001556  -0.000000   0.017924   0.012320   0.000000
      7       0.001556  -0.001556   0.000000   0.012320   0.017924  -0.000000
      8       0.000000  -0.000000  -0.000000   0.030244   0.030244   0.000000
      9       0.017924   0.012320  -0.030244  -0.157942  -0.060528  -0.009925
     10       0.012320   0.017924  -0.030244  -0.060528  -0.157942  -0.009925
     11       0.000000  -0.000000   0.000000   0.009925   0.009925  -0.327297
     12      -0.000000  -0.000000  -0.000000   0.000000  -0.000000  -0.000000
     13      -0.000000   0.000000   0.000000  -0.000000   0.000000  -0.000000
     14      -0.000000  -0.000000  -0.000000  -0.000000  -0.000000   0.000000
     15       0.000000   0.000000   0.000000  -0.000000  -0.000998  -0.000998
     16       0.000000  -0.000000  -0.000000  -0.000998  -0.000000  -0.000998
     17       0.000000   0.000000  -0.000000  -0.000998  -0.000998  -0.000000
     18      -0.001556   0.000000   0.001556   0.017924   0.000000   0.012320
     19       0.000000   0.000000  -0.000000   0.030244   0.000000   0.030244
     20       0.001556  -0.000000  -0.001556   0.012320  -0.000000   0.017924
     21       0.017924  -0.030244   0.012320  -0.157942  -0.009925  -0.060528
     22      -0.000000  -0.000000   0.000000   0.009925  -0.327297   0.009925
     23       0.012320  -0.030244   0.017924  -0.060528  -0.009925  -0.157942
     24       0.000000  -0.000000   0.000000  -0.000000   0.001246  -0.000000
     25       0.000000   0.000000   0.000000  -0.000000   0.002492  -0.000000
     26       0.000000   0.000000   0.000000  -0.000000   0.001246  -0.000000
     27      -0.000000   0.000000  -0.000000   0.000000  -0.000747  -0.039670
     28      -0.001246   0.002492  -0.001246   0.000747  -0.002989   0.000747
     29      -0.000000  -0.000000  -0.000000  -0.039670  -0.000747   0.000000
     30       0.206687   0.079375   0.079375  -0.241915  -0.061761  -0.061761
     31       0.079375   0.206687   0.079375  -0.061761  -0.241915  -0.061761
     32       0.079375   0.079375   0.206687  -0.061761  -0.061761  -0.241915
     33      -0.241915  -0.061761  -0.061761   0.849744   0.119146   0.119146
     34      -0.061761  -0.241915  -0.061761   0.119146   0.849744   0.119146
     35      -0.061761  -0.061761  -0.241915   0.119146   0.119146   0.849744
     36      -0.000000   0.000000   0.000000   0.000000  -0.000000   0.001246
     37       0.000000  -0.000000  -0.000000   0.000000  -0.000000   0.001246
     38       0.000000   0.000000   0.000000   0.000000  -0.000000   0.002492
     39       0.000000  -0.000000  -0.000000  -0.000000  -0.039670  -0.000747
     40       0.000000   0.000000   0.000000  -0.039670   0.000000  -0.000747
     41      -0.001246  -0.001246   0.002492   0.000747   0.000747  -0.002989
     42      -0.000000  -0.000000  -0.000000   0.000000   0.030244   0.030244
     43       0.000000  -0.001556   0.001556  -0.000000   0.017924   0.012320
     44      -0.000000   0.001556  -0.001556   0.000000   0.012320   0.017924
     45       0.000000   0.000000   0.000000  -0.327297   0.009925   0.009925
     46      -0.030244   0.017924   0.012320  -0.009925  -0.157942  -0.060528
     47      -0.030244   0.012320   0.017924  -0.009925  -0.060528  -0.157942
                 36         37         38         39         40         41    
      0      -0.000000  -0.000000   0.000000  -0.000000   0.001246  -0.000000
      1       0.000000   0.000000  -0.000000  -0.000000   0.002492   0.000000
      2      -0.000000  -0.000000  -0.000000  -0.000000  -0.001246  -0.000000
      3       0.000000   0.000000   0.000000   0.000000  -0.000747   0.039670
      4      -0.001246   0.002492   0.001246   0.000747  -0.002989  -0.000747
      5      -0.000000   0.000000   0.000000   0.039670   0.000747   0.000000
      6      -0.000000   0.000000  -0.000000   0.000000   0.000000   0.000000
      7      -0.000000  -0.000000  -0.000000  -0.000000   0.000000   0.000000
      8      -0.000000  -0.000000  -0.000000  -0.000000   0.000000   0.000000
      9       0.000000  -0.000000  -0.000000  -0.000000  -0.000998   0.000998
     10       0.000000   0.000000   0.000000  -0.000998  -0.000000   0.000998
     11      -0.000000  -0.000000   0.000000   0.000998   0.000998  -0.000000
     12      -0.001556   0.001556   0.000000   0.017924   0.012320  -0.000000
     13       0.001556  -0.001556   0.000000   0.012320   0.017924  -0.000000
     14      -0.000000   0.000000  -0.000000  -0.030244  -0.030244   0.000000
     15       0.017924   0.012320   0.030244  -0.157942  -0.060528   0.009925
     16       0.012320   0.017924   0.030244  -0.060528  -0.157942   0.009925
     17       0.000000  -0.000000   0.000000  -0.009925  -0.009925  -0.327297
     18      -0.000000   0.000000  -0.000000   0.000000   0.030244  -0.030244
     19      -0.000000  -0.001556  -0.001556   0.000000   0.017924  -0.012320
     20       0.000000  -0.001556  -0.001556  -0.000000  -0.012320   0.017924
     21       0.000000  -0.000000   0.000000  -0.327297   0.009925  -0.009925
     22      -0.030244   0.017924  -0.012320  -0.009925  -0.157942   0.060528
     23       0.030244  -0.012320   0.017924   0.009925   0.060528  -0.157942
     24      -0.000000  -0.000000  -0.000000   0.002492  -0.000000   0.000000
     25      -0.000000  -0.000000  -0.000000   0.001246  -0.000000   0.000000
     26       0.000000  -0.000000   0.000000  -0.001246   0.000000  -0.000000
     27       0.002492  -0.001246   0.001246  -0.002989   0.000747  -0.000747
     28       0.000000   0.000000   0.000000  -0.000747   0.000000   0.039670
     29       0.000000   0.000000   0.000000   0.000747   0.039670   0.000000
     30       0.000000  -0.000000   0.000000   0.000000   0.000000  -0.001246
     31       0.000000   0.000000   0.000000  -0.000000   0.000000  -0.001246
     32      -0.000000  -0.000000   0.000000   0.000000   0.000000   0.002492
     33      -0.000000   0.000000  -0.000000  -0.000000  -0.039670   0.000747
     34      -0.000000  -0.000000  -0.000000  -0.039670   0.000000   0.000747
     35       0.001246   0.001246   0.002492  -0.000747  -0.000747  -0.002989
     36       0.206687   0.079375  -0.079375  -0.241915  -0.061761   0.061761
     37       0.079375   0.206687  -0.079375  -0.061761  -0.241915   0.061761
     38      -0.079375  -0.079375   0.206687   0.061761   0.061761  -0.241915
     39      -0.241915  -0.061761   0.061761   0.849744   0.119146  -0.119146
     40      -0.061761  -0.241915   0.061761   0.119146   0.849744  -0.119146
     41       0.061761   0.061761  -0.241915  -0.119146  -0.119146   0.849744
     42      -0.001556   0.000000  -0.001556   0.017924   0.000000  -0.012320
     43       0.000000   0.000000   0.000000   0.030244  -0.000000  -0.030244
     44      -0.001556   0.000000  -0.001556  -0.012320  -0.000000   0.017924
     45       0.017924  -0.030244  -0.012320  -0.157942  -0.009925   0.060528
     46      -0.000000   0.000000  -0.000000   0.009925  -0.327297  -0.009925
     47      -0.012320   0.030244   0.017924   0.060528   0.009925  -0.157942
