
$orca_opt_file

$trust
    0.300000000000

$epredict
    0.000000000000

$ediffsc
  1000.000000000000

$ctyp
  4

$coordinates
 2 48
  -2.68908029   2.68908029   2.68908029  -1.48910419   1.48910419   1.48910419
  -2.68908029  -2.68908029   2.68908029  -1.48910419  -1.48910419   1.48910419
   2.68908029   2.68908029   2.68908029   1.48910419   1.48910419   1.48910419
  -2.68908029   2.68908029  -2.68908029  -1.48910419   1.48910419  -1.48910419
   2.68908029  -2.68908029   2.68908029   1.48910419  -1.48910419   1.48910419
  -2.68908029  -2.68908029  -2.68908029  -1.48910419  -1.48910419  -1.48910419
   2.68908029   2.68908029  -2.68908029   1.48910419   1.48910419  -1.48910419
   2.68908029  -2.68908029  -2.68908029   1.48910419  -1.48910419  -1.48910419

  -2.68979483   2.68979482   2.68979483  -1.48919511   1.48919511   1.48919511
  -2.68979483  -2.68979482   2.68979483  -1.48919511  -1.48919511   1.48919511
   2.68979482   2.68979482   2.68979482   1.48919511   1.48919511   1.48919511
  -2.68979482   2.68979482  -2.68979482  -1.48919511   1.48919511  -1.48919511
   2.68979482  -2.68979482   2.68979482   1.48919511  -1.48919511   1.48919511
  -2.68979482  -2.68979482  -2.68979482  -1.48919511  -1.48919511  -1.48919511
   2.68979483   2.68979482  -2.68979483   1.48919511   1.48919511  -1.48919511
   2.68979483  -2.68979482  -2.68979483   1.48919511  -1.48919511  -1.48919511


# redundant internal coordinates
#  nbonds nangles ndihedrals nimpropers ncartesians
# bond  definitions A B
# angle definitions A B C
# dihedral definitions A B C D
# improper torsion definitions A B C D
# cartesian definitions A x/y/z
$redundant_internals
 20 48 108 0 0
   1   0   0
   3   2   0
   3   1   0
   5   4   0
   5   1   0
   7   6   0
   7   1   0
   9   8   0
   9   5   0
   9   3   0
  11  10   0
  11   7   0
  11   3   0
  13   7   0
  13   5   0
  13  12   0
  15  14   0
  15  13   0
  15  11   0
  15   9   0
   0   1   3   0   0
   0   1   7   0   0
   3   1   5   0   0
   0   1   5   0   0
   5   1   7   0   0
   3   1   7   0   0
   1   3  11   0   0
   1   3   9   0   0
   1   3   2   0   0
   2   3  11   0   0
   9   3  11   0   0
   2   3   9   0   0
   4   5  13   0   0
   9   5  13   0   0
   4   5   9   0   0
   1   5  13   0   0
   1   5   9   0   0
   1   5   4   0   0
  11   7  13   0   0
   1   7  13   0   0
   6   7  11   0   0
   1   7  11   0   0
   1   7   6   0   0
   6   7  13   0   0
   3   9   8   0   0
   3   9   5   0   0
   8   9  15   0   0
   5   9  15   0   0
   3   9  15   0   0
   5   9   8   0   0
   7  11  10   0   0
   3  11  10   0   0
   3  11   7   0   0
  10  11  15   0   0
   7  11  15   0   0
   3  11  15   0   0
   5  13   7   0   0
  12  13  15   0   0
   7  13  15   0   0
   5  13  15   0   0
   7  13  12   0   0
   5  13  12   0   0
  13  15  14   0   0
  11  15  14   0   0
   9  15  14   0   0
  11  15  13   0   0
   9  15  13   0   0
   9  15  11   0   0
   9   3   1   5   0
  11   3   1   5   0
   2   3   1   5   0
   2   3   1   7   0
  11   3   1   7   0
   9   3   1   0   0
   9   3   1   7   0
   2   3   1   0   0
  11   3   1   0   0
   4   5   1   3   0
   4   5   1   7   0
   4   5   1   0   0
  13   5   1   3   0
   9   5   1   0   0
  13   5   1   7   0
   9   5   1   7   0
  13   5   1   0   0
   9   5   1   3   0
  11   7   1   5   0
   6   7   1   5   0
  13   7   1   0   0
  11   7   1   3   0
   6   7   1   3   0
  13   7   1   3   0
   6   7   1   0   0
  13   7   1   5   0
  11   7   1   0   0
   5   9   3   1   0
   8   9   3   1   0
  15   9   5  13   0
  15   9   5   4   0
   8   9   5  13   0
   8   9   5   4   0
   8   9   5   1   0
   5   9   3  11   0
  15   9   3   2   0
   3   9   5   1   0
  15   9   3  11   0
   3   9   5  13   0
  15   9   3   1   0
   8   9   3  11   0
  15   9   5   1   0
   8   9   3   2   0
   3   9   5   4   0
   5   9   3   2   0
  15  11   7   6   0
  15  11   7   1   0
  10  11   7  13   0
  10  11   7   1   0
   3  11   7  13   0
   3  11   7   6   0
   3  11   7   1   0
  15  11   3   9   0
  15  11   3   1   0
  10  11   3   1   0
   7  11   3   9   0
   7  11   3   2   0
  10  11   7   6   0
   7  11   3   1   0
  10  11   3   2   0
  10  11   3   9   0
  15  11   7  13   0
  15  11   3   2   0
  15  13   7  11   0
  15  13   7   6   0
  12  13   7  11   0
  12  13   7   6   0
  12  13   7   1   0
   5  13   7   6   0
   5  13   7   1   0
  15  13   5   9   0
  15  13   5   4   0
  15  13   5   1   0
   5  13   7  11   0
  12  13   5   9   0
  12  13   5   4   0
  12  13   5   1   0
  15  13   7   1   0
   7  13   5   9   0
   7  13   5   4   0
   7  13   5   1   0
  14  15  13  12   0
  14  15  13   5   0
  11  15  13  12   0
  11  15  13   7   0
   9  15  13  12   0
   9  15  13   7   0
   9  15  13   5   0
  14  15  11  10   0
  14  15  11   7   0
  14  15  11   3   0
  13  15  11  10   0
  13  15  11   7   0
  13  15  11   3   0
   9  15  11  10   0
   9  15  11   7   0
   9  15  11   3   0
  14  15   9   8   0
  14  15   9   5   0
  14  15   9   3   0
  13  15   9   8   0
  11  15  13   5   0
  13  15   9   5   0
  13  15   9   3   0
  11  15   9   8   0
  14  15  13   7   0
  11  15   9   5   0
  11  15   9   3   0
$energies
 2
 -308.4836393433602098
 -308.4836410191974210

$gradients
 2 48
   0.0002165842891727  -0.0002165841459936  -0.0002165842945313  -0.0001592155623188
   0.0001592160763666   0.0001592154530419   0.0002165842889646   0.0002165841459006
  -0.0002165842947083  -0.0001592155616939  -0.0001592160762581   0.0001592154531844
  -0.0002165835643685  -0.0002165837370676  -0.0002165835630371   0.0001592157481417
   0.0001592161910520   0.0001592156291519   0.0002165835644642  -0.0002165837372739
   0.0002165835628686  -0.0001592157485171   0.0001592161910230  -0.0001592156295250
  -0.0002165835644243   0.0002165837372074  -0.0002165835627395   0.0001592157479400
  -0.0001592161916688   0.0001592156288961   0.0002165835643730   0.0002165837370386
   0.0002165835627265  -0.0001592157487707  -0.0001592161908692  -0.0001592156301082
  -0.0002165842888314  -0.0002165841459108   0.0002165842947896   0.0001592155614727
   0.0001592160754660  -0.0001592154529037  -0.0002165842890083   0.0002165841459372
   0.0002165842946014   0.0001592155623095  -0.0001592160755087  -0.0001592154521108

  -0.0000037740928019   0.0000037742957971   0.0000037740900072   0.0000109500100404
  -0.0000109500574880  -0.0000109500123710  -0.0000037740922641  -0.0000037742953777
   0.0000037740905661   0.0000109500102284   0.0000109500561556  -0.0000109500126826
   0.0000037743332438   0.0000037741398705   0.0000037743371684  -0.0000109498805559
  -0.0000109496402868  -0.0000109498885100  -0.0000037743332918   0.0000037741400520
  -0.0000037743371051   0.0000109498808255  -0.0000109496395346   0.0000109498886114
   0.0000037743335405  -0.0000037741398373   0.0000037743363109  -0.0000109498811087
   0.0000109496403820  -0.0000109498872548  -0.0000037743334699  -0.0000037741395311
  -0.0000037743364395   0.0000109498806889   0.0000109496401345   0.0000109498885246
   0.0000037740921915   0.0000037742956026  -0.0000037740905106  -0.0000109500100147
  -0.0000109500561792   0.0000109500121732   0.0000037740921056  -0.0000037742955470
  -0.0000037740907051  -0.0000109500093909   0.0000109500563389   0.0000109500119797


$redundant_coords
 2 176
   2.0784195644773704   2.0784195644773704   2.9782083870598921   2.0784195644773704
   2.9782083870598921   2.0784195644773704   2.9782083870598921   2.0784195644773704
   2.9782083870598921   2.9782083870598921   2.0784195644773704   2.9782083870598921
   2.9782083870598921   2.9782083870598921   2.9782083870598921   2.0784195644773704
   2.0784195644773704   2.9782083870598921   2.9782083870598921   2.9782083870598921
   2.1862760354652848   2.1862760354652844   1.5707963267948966   2.1862760354652848
   1.5707963267948966   1.5707963267948966   1.5707963267948966   1.5707963267948966
   2.1862760354652848   2.1862760354652844   1.5707963267948966   2.1862760354652848
   2.1862760354652844   1.5707963267948966   2.1862760354652848   1.5707963267948966
   1.5707963267948966   2.1862760354652848   1.5707963267948966   1.5707963267948966
   2.1862760354652848   1.5707963267948966   2.1862760354652848   2.1862760354652848
   2.1862760354652848   1.5707963267948966   2.1862760354652844   1.5707963267948966
   1.5707963267948966   2.1862760354652848   2.1862760354652848   2.1862760354652848
   1.5707963267948966   2.1862760354652848   1.5707963267948966   1.5707963267948966
   1.5707963267948966   2.1862760354652848   1.5707963267948966   1.5707963267948966
   2.1862760354652848   2.1862760354652848   2.1862760354652848   2.1862760354652848
   2.1862760354652848   1.5707963267948966   1.5707963267948966   1.5707963267948966
   0.0000000000000000  -1.5707963267948966   2.3561944901923448  -2.3561944901923448
   0.0000000000000000  -2.3561944901923448   1.5707963267948966   0.0000000000000000
   2.3561944901923448  -2.3561944901923448   2.3561944901923448   0.0000000000000000
   1.5707963267948966   2.3561944901923448   0.0000000000000000  -1.5707963267948966
  -2.3561944901923448   0.0000000000000000   1.5707963267948966  -2.3561944901923448
   2.3561944901923448   0.0000000000000000   2.3561944901923448  -1.5707963267948966
   0.0000000000000000   0.0000000000000000  -2.3561944901923448   0.0000000000000000
   2.3561944901923448   0.0000000000000000  -2.3561944901923448   2.3561944901923448
   0.0000000000000000  -2.3561944901923448   1.5707963267948966   2.3561944901923448
   0.0000000000000000   0.0000000000000000  -1.5707963267948966  -1.5707963267948966
  -2.3561944901923448   1.5707963267948966   0.0000000000000000   2.3561944901923448
  -2.3561944901923448   2.3561944901923448  -1.5707963267948966  -2.3561944901923448
   2.3561944901923448   1.5707963267948966  -2.3561944901923448   0.0000000000000000
   0.0000000000000000   1.5707963267948966  -2.3561944901923448  -1.5707963267948966
   2.3561944901923448   0.0000000000000000   0.0000000000000000   0.0000000000000000
   2.3561944901923448   0.0000000000000000  -2.3561944901923448   0.0000000000000000
  -2.3561944901923448   2.3561944901923448   0.0000000000000000  -2.3561944901923448
   2.3561944901923448   0.0000000000000000   0.0000000000000000   2.3561944901923448
  -1.5707963267948966  -1.5707963267948966  -2.3561944901923448   0.0000000000000000
   2.3561944901923448   1.5707963267948966   1.5707963267948966  -2.3561944901923448
   0.0000000000000000   0.0000000000000000  -2.3561944901923448  -2.3561944901923448
   0.0000000000000000   2.3561944901923448  -1.5707963267948966   0.0000000000000000
   0.0000000000000000  -2.3561944901923448   2.3561944901923448   2.3561944901923448
   0.0000000000000000  -1.5707963267948966  -2.3561944901923448   1.5707963267948966
   0.0000000000000000   0.0000000000000000   2.3561944901923448  -2.3561944901923448
  -2.3561944901923448   1.5707963267948966   0.0000000000000000   1.5707963267948966
   2.3561944901923448   2.3561944901923448  -1.5707963267948966   0.0000000000000000

   2.0794997013967218   2.0794997013966285   2.9783902216263582   2.0794996982957872
   2.9783902229944985   2.0794996982963108   2.9783902233612660   2.0794996982957232
   2.9783902214219804   2.9783902229949701   2.0794996982956464   2.9783902214228131
   2.9783902233605222   2.9783902229943067   2.9783902233632942   2.0794997013963039
   2.0794997013964434   2.9783902216287812   2.9783902229931489   2.9783902233635624
   2.1862760351999388   2.1862760363359550   1.5707963267605907   2.1862760363130067
   1.5707963248081165   1.5707963267610603   1.5707963267603924   1.5707963267605822
   2.1862760352003825   2.1862760363367402   1.5707963248076273   2.1862760363126021
   2.1862760345587411   1.5707963268288676   2.1862760358222966   1.5707963287816125
   1.5707963268293608   2.1862760345616037   1.5707963268301788   1.5707963287823579
   2.1862760358226176   1.5707963268284832   2.1862760345573520   2.1862760345618373
   2.1862760345615149   1.5707963268290526   2.1862760345572285   1.5707963268303597
   1.5707963287815543   2.1862760358231021   2.1862760358222757   2.1862760345573271
   1.5707963268296508   2.1862760345617898   1.5707963268287681   1.5707963287831865
   1.5707963248074999   2.1862760352006161   1.5707963267592253   1.5707963267610159
   2.1862760363116371   2.1862760363380800   2.1862760352007538   2.1862760363122735
   2.1862760363371416   1.5707963267614133   1.5707963267593439   1.5707963248072181
  -0.0000000000011351  -1.5707963267948966   2.3561944911678712  -2.3561944912035986
  -0.0000000000006461  -2.3561944911704082   1.5707963267948966  -0.0000000000014023
   2.3561944912015504  -2.3561944900915677   2.3561944903269585   0.0000000002906479
   1.5707963267948966   2.3561944903833507   0.0000000000689424  -1.5707963267948966
  -2.3561944899673684   0.0000000000011351   1.5707963267948966  -2.3561944903290772
   2.3561944899511413   0.0000000000006461   2.3561944900899183  -1.5707963267948966
  -0.0000000003089936  -0.0000000000689424  -2.3561944903982659   0.0000000000011351
   2.3561944900946061  -0.0000000000011929  -2.3561944891979087   2.3561944891954449
  -0.0000000000012709  -2.3561944892025295   1.5707963267948966   2.3561944899678138
  -0.0000000000011351  -0.0000000000688320  -1.5707963267948966  -1.5707963267948966
  -2.3561944903245879   1.5707963267948966  -0.0000000002879422   2.3561944892001230
  -2.3561944903814132   2.3561944892011590  -1.5707963267948966  -2.3561944892023892
   2.3561944891948392   1.5707963267948966  -2.3561944891952407  -0.0000000000006461
   0.0000000000688320   1.5707963267948966  -2.3561944900892930  -1.5707963267948966
   2.3561944904000724   0.0000000000002448   0.0000000000006461   0.0000000003101335
   2.3561944903297110  -0.0000000000014750  -2.3561944899507452   0.0000000000014750
  -2.3561944900926646   2.3561944903823151   0.0000000002881749  -2.3561944899687881
   2.3561944903259056   0.0000000000689424   0.0000000000011929   2.3561944900913776
  -1.5707963267948966  -1.5707963267948966  -2.3561944904001351  -0.0000000003099499
   2.3561944899500906   1.5707963267948966   1.5707963267948966  -2.3561944903289831
  -0.0000000000689424   0.0000000000017095  -2.3561944912039263  -2.3561944911679253
  -0.0000000000014750   2.3561944912044428  -1.5707963267948966  -0.0000000000011929
  -0.0000000002899845  -2.3561944903821970   2.3561944899677387   2.3561944900936873
   0.0000000000014750  -1.5707963267948966  -2.3561944903265553   1.5707963267948966
  -0.0000000000688320   0.0000000003086327   2.3561944904003789  -2.3561944899501546
  -2.3561944900905534   1.5707963267948966   0.0000000000011929   1.5707963267948966
   2.3561944903276193   2.3561944911681598  -1.5707963267948966   0.0000000000688320


$redundant_gradients
 2 176
  -0.0003751349134024  -0.0003751349133711  -0.0000573678486837  -0.0003751338364356
  -0.0000573682716281  -0.0003751338366207  -0.0000573683874296  -0.0003751338364170
  -0.0000573677669765  -0.0000573682716960  -0.0003751338363906  -0.0000573677672061
  -0.0000573683872979  -0.0000573682715316  -0.0000573683878980  -0.0003751349132568
  -0.0003751349133058  -0.0000573678491924  -0.0000573682713655  -0.0000573683879147
   0.0000000000591207  -0.0000000001258596   0.0000000000136880  -0.0000000001241305
   0.0000000002425708   0.0000000000136713   0.0000000000136866   0.0000000000137470
   0.0000000000590691  -0.0000000001259049   0.0000000002426267  -0.0000000001241257
   0.0000000001289251  -0.0000000000137652  -0.0000000000668236  -0.0000000002425384
  -0.0000000000137108   0.0000000001288275  -0.0000000000137542  -0.0000000002427281
  -0.0000000000669266  -0.0000000000136271   0.0000000001290179   0.0000000001289048
   0.0000000001288443  -0.0000000000137242   0.0000000001290015  -0.0000000000138406
  -0.0000000002425157  -0.0000000000668700  -0.0000000000668636   0.0000000001290712
  -0.0000000000137309   0.0000000001289511  -0.0000000000137745  -0.0000000002428338
   0.0000000002426957   0.0000000000590228   0.0000000000138100   0.0000000000137596
  -0.0000000001240560  -0.0000000001260732   0.0000000000590105  -0.0000000001241072
  -0.0000000001260256   0.0000000000137187   0.0000000000138462   0.0000000002427228
   0.0000000000000308  -0.0000000002425959  -0.0000000001199943   0.0000000001225766
  -0.0000000000000251   0.0000000001200852   0.0000000002426016   0.0000000000000602
  -0.0000000001225415   0.0000000000170880   0.0000000000034167   0.0000000000266117
  -0.0000000000137960   0.0000000000094930  -0.0000000000274672  -0.0000000000137021
  -0.0000000000042722  -0.0000000000000308   0.0000000000137130  -0.0000000000033330
   0.0000000000054949   0.0000000000000251  -0.0000000000170210   0.0000000000137793
  -0.0000000000253054   0.0000000000274672  -0.0000000000082593  -0.0000000000000308
  -0.0000000000172168   0.0000000000000535  -0.0000000001212575   0.0000000001213644
   0.0000000000000533  -0.0000000001211741   0.0000000000136559   0.0000000000042966
   0.0000000000000308   0.0000000000274965   0.0000000002425692   0.0000000000138098
  -0.0000000000035302  -0.0000000002424849  -0.0000000000267301   0.0000000001212582
  -0.0000000000095441   0.0000000001213011   0.0000000002428087  -0.0000000001212295
   0.0000000001214986  -0.0000000002427532  -0.0000000001215326  -0.0000000000000251
  -0.0000000000274965  -0.0000000000137495   0.0000000000170482  -0.0000000000137220
   0.0000000000082199  -0.0000000000000090   0.0000000000000251   0.0000000000252430
   0.0000000000033012   0.0000000000000806  -0.0000000000055547  -0.0000000000000806
   0.0000000000171726   0.0000000000094794   0.0000000000267326  -0.0000000000041477
   0.0000000000034130  -0.0000000000274672  -0.0000000000000535  -0.0000000000171577
   0.0000000000136573  -0.0000000000138402  -0.0000000000081367  -0.0000000000252409
   0.0000000000055740  -0.0000000000137077   0.0000000000137565  -0.0000000000033477
   0.0000000000274672  -0.0000000000000917   0.0000000001227077   0.0000000001199769
   0.0000000000000806  -0.0000000001227459  -0.0000000002426422   0.0000000000000535
  -0.0000000000266475  -0.0000000000094957   0.0000000000042351  -0.0000000000172324
  -0.0000000000000806   0.0000000000136502  -0.0000000000033861   0.0000000000137656
   0.0000000000274965   0.0000000000253238   0.0000000000081326  -0.0000000000055917
   0.0000000000171377   0.0000000002427763  -0.0000000000000535  -0.0000000000137777
   0.0000000000034190  -0.0000000001199880  -0.0000000000137722  -0.0000000000274965

   0.0000065370360586   0.0000065370358685  -0.0000071756407969   0.0000065372275546
  -0.0000071757323948   0.0000065372276310  -0.0000071757369164   0.0000065372272514
  -0.0000071756207002  -0.0000071757325380   0.0000065372270886  -0.0000071756204864
  -0.0000071757369136  -0.0000071757326180  -0.0000071757364589   0.0000065370358699
   0.0000065370359403  -0.0000071756404586  -0.0000071757324215  -0.0000071757363583
   0.0000000000515470  -0.0000000000681966   0.0000000000033275  -0.0000000000675847
   0.0000000001122226   0.0000000000035752   0.0000000000032439   0.0000000000034198
   0.0000000000514997  -0.0000000000679127   0.0000000001122819  -0.0000000000676943
   0.0000000000670523  -0.0000000000032579  -0.0000000000490800  -0.0000000001122976
  -0.0000000000033756   0.0000000000661246  -0.0000000000033608  -0.0000000001120691
  -0.0000000000489275  -0.0000000000035743   0.0000000000670663   0.0000000000660098
   0.0000000000661622  -0.0000000000033717   0.0000000000669426  -0.0000000000033759
  -0.0000000001122428  -0.0000000000489659  -0.0000000000490709   0.0000000000668868
  -0.0000000000032449   0.0000000000661071  -0.0000000000033447  -0.0000000001120954
   0.0000000001121440   0.0000000000515388   0.0000000000034268   0.0000000000032917
  -0.0000000000677729  -0.0000000000678143   0.0000000000515757  -0.0000000000676632
  -0.0000000000678299   0.0000000000032788   0.0000000000033421   0.0000000001120563
  -0.0000000000000428  -0.0000000001123246  -0.0000000000559413   0.0000000000562813
  -0.0000000000001020   0.0000000000557597   0.0000000001121799  -0.0000000000001388
  -0.0000000000565221   0.0000000000260707   0.0000000000224956   0.0000000000545071
  -0.0000000000032151   0.0000000000284791  -0.0000000000067903  -0.0000000000035324
   0.0000000000252213   0.0000000000000428   0.0000000000034295  -0.0000000000219156
  -0.0000000000247886   0.0000000000001020  -0.0000000000252431   0.0000000000034628
  -0.0000000000534945   0.0000000000067903  -0.0000000000281494   0.0000000000000428
  -0.0000000000257934   0.0000000000000120  -0.0000000000568516   0.0000000000566832
  -0.0000000000001805  -0.0000000000556144   0.0000000000032867  -0.0000000000249657
  -0.0000000000000428   0.0000000000066625   0.0000000001122548   0.0000000000034186
  -0.0000000000225495  -0.0000000001122855  -0.0000000000541778   0.0000000000553912
  -0.0000000000283416   0.0000000000553186   0.0000000001119934  -0.0000000000555221
   0.0000000000565470  -0.0000000001121710  -0.0000000000567768  -0.0000000000001020
  -0.0000000000066625  -0.0000000000032427   0.0000000000254475  -0.0000000000033178
   0.0000000000281560  -0.0000000000001278   0.0000000000001020   0.0000000000535015
   0.0000000000220277  -0.0000000000000756   0.0000000000248113   0.0000000000000756
   0.0000000000259543   0.0000000000284666   0.0000000000543453   0.0000000000248924
   0.0000000000226626  -0.0000000000067903  -0.0000000000000120  -0.0000000000252663
   0.0000000000033635  -0.0000000000032161  -0.0000000000282387  -0.0000000000534929
  -0.0000000000248631  -0.0000000000034986   0.0000000000034147  -0.0000000000218396
   0.0000000000067903  -0.0000000000000425   0.0000000000561264   0.0000000000558995
  -0.0000000000000756  -0.0000000000561568  -0.0000000001121319   0.0000000000000120
  -0.0000000000542937  -0.0000000000282971  -0.0000000000250522  -0.0000000000259211
   0.0000000000000756   0.0000000000033205  -0.0000000000225790   0.0000000000034177
   0.0000000000066625   0.0000000000535946   0.0000000000283061   0.0000000000249344
   0.0000000000252765   0.0000000001120684  -0.0000000000000120  -0.0000000000033838
   0.0000000000219977  -0.0000000000560176  -0.0000000000032908  -0.0000000000066625


$hessian_approx
 48 48
                  0          1          2          3          4          5    
      0       0.197216  -0.075517  -0.075517  -0.231496   0.059045   0.059045
      1      -0.075517   0.197216   0.075517   0.059045  -0.231496  -0.059045
      2      -0.075517   0.075517   0.197216   0.059045  -0.059045  -0.231496
      3      -0.231496   0.059045   0.059045   0.819422  -0.115458  -0.115458
      4       0.059045  -0.231496  -0.059045  -0.115458   0.819423   0.115458
      5       0.059045  -0.059045  -0.231496  -0.115458   0.115458   0.819422
      6      -0.001104  -0.000317  -0.001738   0.016432   0.000762  -0.011298
      7       0.000317  -0.000317  -0.000317  -0.030016   0.000762   0.030016
      8      -0.001738   0.000317  -0.001104  -0.011298  -0.000762   0.016432
      9       0.016432   0.030016  -0.011298  -0.152117   0.008927   0.058089
     10      -0.000762   0.000762   0.000762  -0.008927  -0.316460   0.008927
     11      -0.011298  -0.030016   0.016432   0.058089  -0.008927  -0.152117
     12      -0.000317   0.000317   0.000317   0.000762  -0.030016  -0.030016
     13      -0.000317  -0.001104   0.001738   0.000762   0.016432   0.011298
     14      -0.000317   0.001738  -0.001104   0.000762   0.011298   0.016432
     15       0.000762  -0.000762  -0.000762  -0.316459  -0.008926  -0.008927
     16       0.030016   0.016432   0.011298   0.008927  -0.152116  -0.058089
     17       0.030016   0.011298   0.016432   0.008927  -0.058088  -0.152117
     18      -0.001104  -0.001738  -0.000317   0.016432  -0.011298   0.000762
     19      -0.001738  -0.001104   0.000317  -0.011298   0.016432  -0.000762
     20       0.000317  -0.000317  -0.000317  -0.030016   0.030016   0.000762
     21       0.016432  -0.011298   0.030016  -0.152117   0.058088   0.008927
     22      -0.011298   0.016432  -0.030016   0.058089  -0.152116  -0.008927
     23      -0.000762   0.000762   0.000762  -0.008927   0.008926  -0.316459
     24      -0.000317   0.000317   0.000317   0.000762  -0.000762  -0.001907
     25       0.000317  -0.000317  -0.000317  -0.000762   0.000762   0.001907
     26      -0.000317   0.000317   0.000317   0.000762  -0.000762   0.001529
     27       0.000762  -0.000762  -0.000762  -0.000968   0.039656   0.001652
     28      -0.000762   0.000762   0.000762   0.039655  -0.000969  -0.001652
     29       0.001907  -0.001907   0.001529  -0.001652   0.001653  -0.001767
     30       0.000317  -0.000317  -0.000317   0.001529   0.000762   0.000762
     31       0.000317  -0.000317  -0.000317  -0.001907   0.000762   0.000762
     32       0.000317  -0.000317  -0.000317  -0.001907   0.000762   0.000762
     33       0.001529   0.001907   0.001907  -0.001767  -0.001653  -0.001652
     34      -0.000762   0.000762   0.000762   0.001652  -0.000969  -0.039655
     35      -0.000762   0.000762   0.000762   0.001652  -0.039656  -0.000968
     36      -0.000317   0.000317   0.000317   0.000762  -0.001907  -0.000762
     37      -0.000317   0.000317   0.000317   0.000762   0.001529  -0.000762
     38       0.000317  -0.000317  -0.000317  -0.000762   0.001907   0.000762
     39       0.000762  -0.000762  -0.000762  -0.000968   0.001652   0.039655
     40       0.001907   0.001529  -0.001907  -0.001652  -0.001766   0.001652
     41      -0.000762   0.000762   0.000762   0.039655  -0.001652  -0.000968
     42      -0.000317   0.000317   0.000317   0.000762  -0.000762  -0.000762
     43       0.000317  -0.000317  -0.000317  -0.000762   0.000762   0.000762
     44       0.000317  -0.000317  -0.000317  -0.000762   0.000762   0.000762
     45       0.000762  -0.000762  -0.000762  -0.000968   0.001891   0.001891
     46      -0.000762   0.000762   0.000762   0.001891  -0.000969  -0.001891
     47      -0.000762   0.000762   0.000762   0.001891  -0.001891  -0.000968
                  6          7          8          9         10         11    
      0      -0.001104   0.000317  -0.001738   0.016432  -0.000762  -0.011298
      1      -0.000317  -0.000317   0.000317   0.030016   0.000762  -0.030016
      2      -0.001738  -0.000317  -0.001104  -0.011298   0.000762   0.016432
      3       0.016432  -0.030016  -0.011298  -0.152117  -0.008927   0.058089
      4       0.000762   0.000762  -0.000762   0.008927  -0.316460  -0.008927
      5      -0.011298   0.030016   0.016432   0.058089   0.008927  -0.152117
      6       0.197216   0.075517  -0.075517  -0.231496  -0.059045   0.059045
      7       0.075517   0.197216  -0.075517  -0.059045  -0.231496   0.059045
      8      -0.075517  -0.075517   0.197216   0.059045   0.059045  -0.231496
      9      -0.231496  -0.059045   0.059045   0.819422   0.115458  -0.115458
     10      -0.059045  -0.231496   0.059045   0.115458   0.819423  -0.115458
     11       0.059045   0.059045  -0.231496  -0.115458  -0.115458   0.819422
     12      -0.000317  -0.000317   0.000317   0.000762   0.000762  -0.001907
     13      -0.000317  -0.000317   0.000317   0.000762   0.000762  -0.001907
     14      -0.000317  -0.000317   0.000317   0.000762   0.000762   0.001529
     15       0.000762   0.000762  -0.000762  -0.000968  -0.039656   0.001652
     16       0.000762   0.000762  -0.000762  -0.039655  -0.000969   0.001652
     17       0.001907   0.001907   0.001529  -0.001652  -0.001653  -0.001767
     18       0.000317   0.000317  -0.000317   0.001529  -0.000762   0.000762
     19      -0.000317  -0.000317   0.000317   0.001907   0.000762  -0.000762
     20       0.000317   0.000317  -0.000317  -0.001907  -0.000762   0.000762
     21       0.001529  -0.001907   0.001907  -0.001767   0.001653  -0.001652
     22       0.000762   0.000762  -0.000762  -0.001652  -0.000969   0.039655
     23      -0.000762  -0.000762   0.000762   0.001652   0.039656  -0.000968
     24      -0.000317  -0.000317   0.000317   0.000762   0.030016  -0.030016
     25       0.000317  -0.001104  -0.001738  -0.000762   0.016432  -0.011298
     26      -0.000317  -0.001738  -0.001104   0.000762  -0.011298   0.016432
     27       0.000762   0.000762  -0.000762  -0.316459   0.008926  -0.008927
     28      -0.030016   0.016432  -0.011298  -0.008927  -0.152116   0.058089
     29       0.030016  -0.011298   0.016432   0.008927   0.058088  -0.152117
     30      -0.001104   0.001738  -0.000317   0.016432   0.011298   0.000762
     31       0.001738  -0.001104  -0.000317   0.011298   0.016432   0.000762
     32       0.000317   0.000317  -0.000317  -0.030016  -0.030016   0.000762
     33       0.016432   0.011298   0.030016  -0.152117  -0.058088   0.008927
     34       0.011298   0.016432   0.030016  -0.058089  -0.152116   0.008927
     35      -0.000762  -0.000762   0.000762  -0.008927  -0.008926  -0.316459
     36      -0.000317  -0.000317   0.000317   0.000762   0.000762  -0.000762
     37      -0.000317  -0.000317   0.000317   0.000762   0.000762  -0.000762
     38       0.000317   0.000317  -0.000317  -0.000762  -0.000762   0.000762
     39       0.000762   0.000762  -0.000762  -0.000968  -0.001891   0.001891
     40       0.000762   0.000762  -0.000762  -0.001891  -0.000969   0.001891
     41      -0.000762  -0.000762   0.000762   0.001891   0.001891  -0.000968
     42      -0.000317  -0.000317   0.000317   0.000762   0.001907  -0.000762
     43       0.000317   0.000317  -0.000317  -0.000762   0.001529   0.000762
     44       0.000317   0.000317  -0.000317  -0.000762  -0.001907   0.000762
     45       0.000762   0.000762  -0.000762  -0.000968  -0.001652   0.039655
     46      -0.001907   0.001529   0.001907   0.001652  -0.001766  -0.001652
     47      -0.000762  -0.000762   0.000762   0.039655   0.001652  -0.000968
                 12         13         14         15         16         17    
      0      -0.000317  -0.000317  -0.000317   0.000762   0.030016   0.030016
      1       0.000317  -0.001104   0.001738  -0.000762   0.016432   0.011298
      2       0.000317   0.001738  -0.001104  -0.000762   0.011298   0.016432
      3       0.000762   0.000762   0.000762  -0.316459   0.008927   0.008927
      4      -0.030016   0.016432   0.011298  -0.008926  -0.152116  -0.058088
      5      -0.030016   0.011298   0.016432  -0.008927  -0.058089  -0.152117
      6      -0.000317  -0.000317  -0.000317   0.000762   0.000762   0.001907
      7      -0.000317  -0.000317  -0.000317   0.000762   0.000762   0.001907
      8       0.000317   0.000317   0.000317  -0.000762  -0.000762   0.001529
      9       0.000762   0.000762   0.000762  -0.000968  -0.039655  -0.001652
     10       0.000762   0.000762   0.000762  -0.039656  -0.000969  -0.001653
     11      -0.001907  -0.001907   0.001529   0.001652   0.001652  -0.001767
     12       0.197216   0.075517   0.075517  -0.231496  -0.059045  -0.059045
     13       0.075517   0.197216   0.075517  -0.059045  -0.231496  -0.059045
     14       0.075517   0.075517   0.197216  -0.059045  -0.059045  -0.231496
     15      -0.231496  -0.059045  -0.059045   0.819423   0.115459   0.115459
     16      -0.059045  -0.231496  -0.059045   0.115459   0.819423   0.115459
     17      -0.059045  -0.059045  -0.231496   0.115459   0.115459   0.819423
     18      -0.000317  -0.000317  -0.000317   0.000762   0.001907   0.000762
     19       0.000317   0.000317   0.000317  -0.000762   0.001529  -0.000762
     20      -0.000317  -0.000317  -0.000317   0.000762   0.001907   0.000762
     21       0.000762   0.000762   0.000762  -0.000969  -0.001653  -0.039656
     22      -0.001907   0.001529  -0.001907   0.001653  -0.001766   0.001653
     23       0.000762   0.000762   0.000762  -0.039656  -0.001653  -0.000969
     24      -0.001104   0.000317   0.001738   0.016432  -0.000762   0.011298
     25      -0.000317  -0.000317  -0.000317   0.030016   0.000762   0.030016
     26       0.001738   0.000317  -0.001104   0.011298  -0.000762   0.016432
     27       0.016432  -0.030016   0.011298  -0.152116  -0.008926  -0.058088
     28       0.000762   0.000762   0.000762   0.008926  -0.316460   0.008926
     29       0.011298  -0.030016   0.016432  -0.058088  -0.008926  -0.152116
     30      -0.000317  -0.000317  -0.000317   0.000762   0.000762   0.000762
     31      -0.000317  -0.000317  -0.000317   0.000762   0.000762   0.000762
     32      -0.000317  -0.000317  -0.000317   0.000762   0.000762   0.000762
     33       0.000762   0.000762   0.000762  -0.000969  -0.001892  -0.001892
     34       0.000762   0.000762   0.000762  -0.001892  -0.000969  -0.001892
     35       0.000762   0.000762   0.000762  -0.001892  -0.001892  -0.000969
     36      -0.001104   0.001738   0.000317   0.016432   0.011298  -0.000762
     37       0.001738  -0.001104   0.000317   0.011298   0.016432  -0.000762
     38      -0.000317  -0.000317  -0.000317   0.030016   0.030016   0.000762
     39       0.016432   0.011298  -0.030016  -0.152117  -0.058089  -0.008927
     40       0.011298   0.016432  -0.030016  -0.058088  -0.152116  -0.008926
     41       0.000762   0.000762   0.000762   0.008927   0.008927  -0.316459
     42       0.000317   0.000317   0.000317   0.001529  -0.000762  -0.000762
     43      -0.000317  -0.000317  -0.000317   0.001907   0.000762   0.000762
     44      -0.000317  -0.000317  -0.000317   0.001907   0.000762   0.000762
     45       0.001529  -0.001907  -0.001907  -0.001767   0.001652   0.001652
     46       0.000762   0.000762   0.000762  -0.001653  -0.000969  -0.039656
     47       0.000762   0.000762   0.000762  -0.001652  -0.039655  -0.000968
                 18         19         20         21         22         23    
      0      -0.001104  -0.001738   0.000317   0.016432  -0.011298  -0.000762
      1      -0.001738  -0.001104  -0.000317  -0.011298   0.016432   0.000762
      2      -0.000317   0.000317  -0.000317   0.030016  -0.030016   0.000762
      3       0.016432  -0.011298  -0.030016  -0.152117   0.058089  -0.008927
      4      -0.011298   0.016432   0.030016   0.058088  -0.152116   0.008926
      5       0.000762  -0.000762   0.000762   0.008927  -0.008927  -0.316459
      6       0.000317  -0.000317   0.000317   0.001529   0.000762  -0.000762
      7       0.000317  -0.000317   0.000317  -0.001907   0.000762  -0.000762
      8      -0.000317   0.000317  -0.000317   0.001907  -0.000762   0.000762
      9       0.001529   0.001907  -0.001907  -0.001767  -0.001652   0.001652
     10      -0.000762   0.000762  -0.000762   0.001653  -0.000969   0.039656
     11       0.000762  -0.000762   0.000762  -0.001652   0.039655  -0.000968
     12      -0.000317   0.000317  -0.000317   0.000762  -0.001907   0.000762
     13      -0.000317   0.000317  -0.000317   0.000762   0.001529   0.000762
     14      -0.000317   0.000317  -0.000317   0.000762  -0.001907   0.000762
     15       0.000762  -0.000762   0.000762  -0.000969   0.001653  -0.039656
     16       0.001907   0.001529   0.001907  -0.001653  -0.001766  -0.001653
     17       0.000762  -0.000762   0.000762  -0.039656   0.001653  -0.000969
     18       0.197216  -0.075517   0.075517  -0.231496   0.059045  -0.059045
     19      -0.075517   0.197216  -0.075517   0.059045  -0.231496   0.059045
     20       0.075517  -0.075517   0.197216  -0.059045   0.059045  -0.231496
     21      -0.231496   0.059045  -0.059045   0.819423  -0.115459   0.115459
     22       0.059045  -0.231496   0.059045  -0.115459   0.819423  -0.115459
     23      -0.059045   0.059045  -0.231496   0.115459  -0.115459   0.819423
     24      -0.000317   0.000317  -0.000317   0.000762  -0.000762   0.000762
     25       0.000317  -0.000317   0.000317  -0.000762   0.000762  -0.000762
     26      -0.000317   0.000317  -0.000317   0.000762  -0.000762   0.000762
     27       0.000762  -0.000762   0.000762  -0.000969   0.001892  -0.001892
     28      -0.000762   0.000762  -0.000762   0.001892  -0.000969   0.001892
     29       0.000762  -0.000762   0.000762  -0.001892   0.001892  -0.000969
     30      -0.001104  -0.000317   0.001738   0.016432   0.000762   0.011298
     31       0.000317  -0.000317   0.000317  -0.030016   0.000762  -0.030016
     32       0.001738  -0.000317  -0.001104   0.011298   0.000762   0.016432
     33       0.016432   0.030016   0.011298  -0.152116   0.008926  -0.058088
     34      -0.000762   0.000762  -0.000762  -0.008926  -0.316460  -0.008926
     35       0.011298   0.030016   0.016432  -0.058088   0.008926  -0.152116
     36      -0.000317   0.000317  -0.000317   0.000762  -0.030016   0.030016
     37      -0.000317  -0.001104  -0.001738   0.000762   0.016432  -0.011298
     38       0.000317  -0.001738  -0.001104  -0.000762  -0.011298   0.016432
     39       0.000762  -0.000762   0.000762  -0.316459  -0.008927   0.008927
     40       0.030016   0.016432  -0.011298   0.008926  -0.152116   0.058088
     41      -0.030016  -0.011298   0.016432  -0.008927   0.058089  -0.152117
     42      -0.000317   0.000317  -0.000317   0.000762  -0.000762   0.001907
     43       0.000317  -0.000317   0.000317  -0.000762   0.000762  -0.001907
     44       0.000317  -0.000317   0.000317  -0.000762   0.000762   0.001529
     45       0.000762  -0.000762   0.000762  -0.000968   0.039655  -0.001652
     46      -0.000762   0.000762  -0.000762   0.039656  -0.000969   0.001653
     47      -0.001907   0.001907   0.001529   0.001652  -0.001652  -0.001767
                 24         25         26         27         28         29    
      0      -0.000317   0.000317  -0.000317   0.000762  -0.000762   0.001907
      1       0.000317  -0.000317   0.000317  -0.000762   0.000762  -0.001907
      2       0.000317  -0.000317   0.000317  -0.000762   0.000762   0.001529
      3       0.000762  -0.000762   0.000762  -0.000968   0.039655  -0.001652
      4      -0.000762   0.000762  -0.000762   0.039656  -0.000969   0.001653
      5      -0.001907   0.001907   0.001529   0.001652  -0.001652  -0.001767
      6      -0.000317   0.000317  -0.000317   0.000762  -0.030016   0.030016
      7      -0.000317  -0.001104  -0.001738   0.000762   0.016432  -0.011298
      8       0.000317  -0.001738  -0.001104  -0.000762  -0.011298   0.016432
      9       0.000762  -0.000762   0.000762  -0.316459  -0.008927   0.008927
     10       0.030016   0.016432  -0.011298   0.008926  -0.152116   0.058088
     11      -0.030016  -0.011298   0.016432  -0.008927   0.058089  -0.152117
     12      -0.001104  -0.000317   0.001738   0.016432   0.000762   0.011298
     13       0.000317  -0.000317   0.000317  -0.030016   0.000762  -0.030016
     14       0.001738  -0.000317  -0.001104   0.011298   0.000762   0.016432
     15       0.016432   0.030016   0.011298  -0.152116   0.008926  -0.058088
     16      -0.000762   0.000762  -0.000762  -0.008926  -0.316460  -0.008926
     17       0.011298   0.030016   0.016432  -0.058088   0.008926  -0.152116
     18      -0.000317   0.000317  -0.000317   0.000762  -0.000762   0.000762
     19       0.000317  -0.000317   0.000317  -0.000762   0.000762  -0.000762
     20      -0.000317   0.000317  -0.000317   0.000762  -0.000762   0.000762
     21       0.000762  -0.000762   0.000762  -0.000969   0.001892  -0.001892
     22      -0.000762   0.000762  -0.000762   0.001892  -0.000969   0.001892
     23       0.000762  -0.000762   0.000762  -0.001892   0.001892  -0.000969
     24       0.197216  -0.075517   0.075517  -0.231496   0.059045  -0.059045
     25      -0.075517   0.197216  -0.075517   0.059045  -0.231496   0.059045
     26       0.075517  -0.075517   0.197216  -0.059045   0.059045  -0.231496
     27      -0.231496   0.059045  -0.059045   0.819423  -0.115459   0.115459
