
$orca_opt_file

$trust
    0.300000000000

$epredict
    0.000000000000

$ediffsc
  1000.000000000000

$ctyp
  4

$coordinates
 2 48
  -2.66262412   2.66262412   2.66262412  -1.47776584   1.47776584   1.47776584
  -2.66262412  -2.66262412   2.66262412  -1.47776584  -1.47776584   1.47776584
   2.66262412   2.66262412   2.66262412   1.47776584   1.47776584   1.47776584
  -2.66262412   2.66262412  -2.66262412  -1.47776584   1.47776584  -1.47776584
   2.66262412  -2.66262412   2.66262412   1.47776584  -1.47776584   1.47776584
  -2.66262412  -2.66262412  -2.66262412  -1.47776584  -1.47776584  -1.47776584
   2.66262412   2.66262412  -2.66262412   1.47776584   1.47776584  -1.47776584
   2.66262412  -2.66262412  -2.66262412   1.47776584  -1.47776584  -1.47776584

  -2.66102558   2.66102561   2.66102564  -1.47712419   1.47712417   1.47712421
  -2.66102558  -2.66102561   2.66102564  -1.47712419  -1.47712417   1.47712421
   2.66102549   2.66102560   2.66102556   1.47712412   1.47712418   1.47712414
  -2.66102549   2.66102560  -2.66102556  -1.47712412   1.47712417  -1.47712414
   2.66102550  -2.66102560   2.66102556   1.47712412  -1.47712417   1.47712414
  -2.66102549  -2.66102560  -2.66102556  -1.47712412  -1.47712418  -1.47712414
   2.66102558   2.66102561  -2.66102564   1.47712419   1.47712416  -1.47712421
   2.66102558  -2.66102561  -2.66102564   1.47712419  -1.47712417  -1.47712421


# redundant internal coordinates
#  nbonds nangles ndihedrals nimpropers ncartesians
# bond  definitions A B
# angle definitions A B C
# dihedral definitions A B C D
# improper torsion definitions A B C D
# cartesian definitions A x/y/z
$redundant_internals
 20 48 108 0 0
   1   0   0
   3   2   0
   3   1   0
   5   4   0
   5   1   0
   7   6   0
   7   1   0
   9   8   0
   9   5   0
   9   3   0
  11  10   0
  11   7   0
  11   3   0
  13   7   0
  13   5   0
  13  12   0
  15  14   0
  15  13   0
  15  11   0
  15   9   0
   0   1   3   0   0
   0   1   7   0   0
   3   1   5   0   0
   0   1   5   0   0
   5   1   7   0   0
   3   1   7   0   0
   1   3  11   0   0
   1   3   9   0   0
   1   3   2   0   0
   2   3  11   0   0
   9   3  11   0   0
   2   3   9   0   0
   4   5  13   0   0
   9   5  13   0   0
   4   5   9   0   0
   1   5  13   0   0
   1   5   9   0   0
   1   5   4   0   0
  11   7  13   0   0
   1   7  13   0   0
   6   7  11   0   0
   1   7  11   0   0
   1   7   6   0   0
   6   7  13   0   0
   3   9   8   0   0
   3   9   5   0   0
   8   9  15   0   0
   5   9  15   0   0
   3   9  15   0   0
   5   9   8   0   0
   7  11  10   0   0
   3  11  10   0   0
   3  11   7   0   0
  10  11  15   0   0
   7  11  15   0   0
   3  11  15   0   0
   5  13   7   0   0
  12  13  15   0   0
   7  13  15   0   0
   5  13  15   0   0
   7  13  12   0   0
   5  13  12   0   0
  13  15  14   0   0
  11  15  14   0   0
   9  15  14   0   0
  11  15  13   0   0
   9  15  13   0   0
   9  15  11   0   0
   9   3   1   5   0
  11   3   1   5   0
   2   3   1   5   0
   2   3   1   7   0
  11   3   1   7   0
   9   3   1   0   0
   9   3   1   7   0
   2   3   1   0   0
  11   3   1   0   0
   4   5   1   3   0
   4   5   1   7   0
   4   5   1   0   0
  13   5   1   3   0
   9   5   1   0   0
  13   5   1   7   0
   9   5   1   7   0
  13   5   1   0   0
   9   5   1   3   0
  11   7   1   5   0
   6   7   1   5   0
  13   7   1   0   0
  11   7   1   3   0
   6   7   1   3   0
  13   7   1   3   0
   6   7   1   0   0
  13   7   1   5   0
  11   7   1   0   0
   5   9   3   1   0
   8   9   3   1   0
  15   9   5  13   0
  15   9   5   4   0
   8   9   5  13   0
   8   9   5   4   0
   8   9   5   1   0
   5   9   3  11   0
  15   9   3   2   0
   3   9   5   1   0
  15   9   3  11   0
   3   9   5  13   0
  15   9   3   1   0
   8   9   3  11   0
  15   9   5   1   0
   8   9   3   2   0
   3   9   5   4   0
   5   9   3   2   0
  15  11   7   6   0
  15  11   7   1   0
  10  11   7  13   0
  10  11   7   1   0
   3  11   7  13   0
   3  11   7   6   0
   3  11   7   1   0
  15  11   3   9   0
  15  11   3   1   0
  10  11   3   1   0
   7  11   3   9   0
   7  11   3   2   0
  10  11   7   6   0
   7  11   3   1   0
  10  11   3   2   0
  10  11   3   9   0
  15  11   7  13   0
  15  11   3   2   0
  15  13   7  11   0
  15  13   7   6   0
  12  13   7  11   0
  12  13   7   6   0
  12  13   7   1   0
   5  13   7   6   0
   5  13   7   1   0
  15  13   5   9   0
  15  13   5   4   0
  15  13   5   1   0
   5  13   7  11   0
  12  13   5   9   0
  12  13   5   4   0
  12  13   5   1   0
  15  13   7   1   0
   7  13   5   9   0
   7  13   5   4   0
   7  13   5   1   0
  14  15  13  12   0
  14  15  13   5   0
  11  15  13  12   0
  11  15  13   7   0
   9  15  13  12   0
   9  15  13   7   0
   9  15  13   5   0
  14  15  11  10   0
  14  15  11   7   0
  14  15  11   3   0
  13  15  11  10   0
  13  15  11   7   0
  13  15  11   3   0
   9  15  11  10   0
   9  15  11   7   0
   9  15  11   3   0
  14  15   9   8   0
  14  15   9   5   0
  14  15   9   3   0
  13  15   9   8   0
  11  15  13   5   0
  13  15   9   5   0
  13  15   9   3   0
  11  15   9   8   0
  14  15  13   7   0
  11  15   9   5   0
  11  15   9   3   0
$energies
 2
 -308.8757091254878446
 -308.8757170888117685

$gradients
 2 48
  -0.0003496896855880   0.0003496846943483   0.0003496845881327  -0.0000734544921529
   0.0000734623497006   0.0000734458412639  -0.0003496892940611  -0.0003496844904407
   0.0003496841045788  -0.0000734546847074  -0.0000734627293188   0.0000734459691959
   0.0003496963974689   0.0003496878667774   0.0003496911186282   0.0000734754518951
   0.0000734589017905   0.0000734669046449  -0.0003496962633888   0.0003496877541852
  -0.0003496910588251  -0.0000734753635373   0.0000734589834337  -0.0000734672226985
   0.0003496960241971  -0.0003496876988188   0.0003496909723183   0.0000734755150977
  -0.0000734591582857   0.0000734672594523  -0.0003496961882002  -0.0003496876590567
  -0.0003496907001084  -0.0000734755672375  -0.0000734590545242  -0.0000734671017405
   0.0003496898089131   0.0003496850153109  -0.0003496845861266   0.0000734542889839
   0.0000734624188816  -0.0000734458027537   0.0003496897510693  -0.0003496849408895
  -0.0003496845593825   0.0000734543041908  -0.0000734622570927  -0.0000734457303910

  -0.0000090607315299   0.0000090581965911   0.0000090561014260  -0.0000692373361927
   0.0000692435475694   0.0000692374713358  -0.0000090612072317  -0.0000090585451733
   0.0000090566649825  -0.0000692372420098  -0.0000692430480250   0.0000692375761946
   0.0000090612714600   0.0000090541633883   0.0000090568661230   0.0000692478658911
   0.0000692487689146   0.0000692481807792  -0.0000090613465540   0.0000090540270396
  -0.0000090565949993  -0.0000692480587005   0.0000692488112647  -0.0000692479948027
   0.0000090616487770  -0.0000090543788688   0.0000090569684566   0.0000692479689967
  -0.0000692485130056   0.0000692478434509  -0.0000090615361779  -0.0000090543599891
  -0.0000090572610746  -0.0000692476912548  -0.0000692484386337  -0.0000692480609836
   0.0000090604176592   0.0000090580893292  -0.0000090561327952   0.0000692377471756
   0.0000692432386235  -0.0000692377661728   0.0000090604550882  -0.0000090580113819
  -0.0000090561873360   0.0000692377926649  -0.0000692435637352  -0.0000692376748176


$redundant_coords
 2 176
   2.0522347510666363   2.0522347510666363   2.9555316734528381   2.0522347510666363
   2.9555316734528381   2.0522347510666363   2.9555316734528381   2.0522347510666363
   2.9555316734528381   2.9555316734528381   2.0522347510666363   2.9555316734528381
   2.9555316734528381   2.9555316734528381   2.9555316734528381   2.0522347510666363
   2.0522347510666363   2.9555316734528381   2.9555316734528381   2.9555316734528381
   2.1862760354652844   2.1862760354652844   1.5707963267948970   2.1862760354652844
   1.5707963267948970   1.5707963267948970   1.5707963267948966   1.5707963267948966
   2.1862760354652844   2.1862760354652844   1.5707963267948966   2.1862760354652844
   2.1862760354652844   1.5707963267948966   2.1862760354652844   1.5707963267948966
   1.5707963267948966   2.1862760354652844   1.5707963267948966   1.5707963267948966
   2.1862760354652844   1.5707963267948966   2.1862760354652848   2.1862760354652844
   2.1862760354652844   1.5707963267948970   2.1862760354652844   1.5707963267948966
   1.5707963267948966   2.1862760354652844   2.1862760354652844   2.1862760354652844
   1.5707963267948970   2.1862760354652844   1.5707963267948966   1.5707963267948966
   1.5707963267948970   2.1862760354652844   1.5707963267948966   1.5707963267948966
   2.1862760354652844   2.1862760354652844   2.1862760354652844   2.1862760354652844
   2.1862760354652844   1.5707963267948966   1.5707963267948966   1.5707963267948966
  -0.0000000000000002  -1.5707963267948966   2.3561944901923448  -2.3561944901923448
   0.0000000000000002  -2.3561944901923448   1.5707963267948966   0.0000000000000000
   2.3561944901923448  -2.3561944901923448   2.3561944901923448   0.0000000000000000
   1.5707963267948966   2.3561944901923448  -0.0000000000000002  -1.5707963267948966
  -2.3561944901923448   0.0000000000000002   1.5707963267948966  -2.3561944901923448
   2.3561944901923448  -0.0000000000000002   2.3561944901923448  -1.5707963267948966
   0.0000000000000000   0.0000000000000002  -2.3561944901923448   0.0000000000000002
   2.3561944901923448   0.0000000000000001  -2.3561944901923448   2.3561944901923448
   0.0000000000000000  -2.3561944901923448   1.5707963267948966   2.3561944901923448
  -0.0000000000000002  -0.0000000000000001  -1.5707963267948966  -1.5707963267948966
  -2.3561944901923448   1.5707963267948966   0.0000000000000000   2.3561944901923448
  -2.3561944901923448   2.3561944901923448  -1.5707963267948966  -2.3561944901923448
   2.3561944901923448   1.5707963267948966  -2.3561944901923448   0.0000000000000002
   0.0000000000000001   1.5707963267948966  -2.3561944901923448  -1.5707963267948966
   2.3561944901923448   0.0000000000000000  -0.0000000000000002   0.0000000000000000
   2.3561944901923448  -0.0000000000000001  -2.3561944901923448   0.0000000000000001
  -2.3561944901923448   2.3561944901923448   0.0000000000000000  -2.3561944901923448
   2.3561944901923448  -0.0000000000000002  -0.0000000000000001   2.3561944901923448
  -1.5707963267948966  -1.5707963267948966  -2.3561944901923448   0.0000000000000000
   2.3561944901923448   1.5707963267948966   1.5707963267948966  -2.3561944901923448
   0.0000000000000002   0.0000000000000000  -2.3561944901923448  -2.3561944901923448
  -0.0000000000000001   2.3561944901923448  -1.5707963267948966   0.0000000000000001
   0.0000000000000000  -2.3561944901923448   2.3561944901923448   2.3561944901923448
   0.0000000000000001  -1.5707963267948966  -2.3561944901923448   1.5707963267948966
  -0.0000000000000001   0.0000000000000000   2.3561944901923448  -2.3561944901923448
  -2.3561944901923448   1.5707963267948966  -0.0000000000000001   1.5707963267948966
   2.3561944901923448   2.3561944901923448  -1.5707963267948966   0.0000000000000001

   2.0505774152776834   2.0505774169830953   2.9542483306510370   2.0505773893456403
   2.9542483068076124   2.0505773898299937   2.9542483482172255   2.0505773904326183
   2.9542483500350203   2.9542483076932720   2.0505773906665574   2.9542483502021670
   2.9542483495170568   2.9542483071342778   2.9542483485799780   2.0505774145802764
   2.0505774148322797   2.9542483298942508   2.9542483070556527   2.9542483485157374
   2.1862760500105014   2.1862760554843139   1.5707963300764705   2.1862760307810096
   1.5707962779242646   1.5707963301272891   1.5707963300804750   1.5707963300747156
   2.1862760493914268   2.1862760561239432   1.5707962774959545   2.1862760310976603
   2.1862760272114086   1.5707963230580191   2.1862760478693022   1.5707963757761030
   1.5707963238131148   2.1862760014310076   1.5707963232196589   1.5707963757883185
   2.1862760478584762   1.5707963239024911   2.1862760268860981   2.1862760015810108
   2.1862760021176637   1.5707963232152860   2.1862760267235832   1.5707963237142131
   1.5707963758780077   2.1862760475571452   2.1862760476129202   2.1862760279623719
   1.5707963230693309   2.1862760011676601   1.5707963234959947   1.5707963757548968
   1.5707962776908997   2.1862760490855191   1.5707963303435204   1.5707963305100292
   2.1862760308460025   2.1862760560498473   2.1862760493024944   2.1862760309322704
   2.1862760560831744   1.5707963301204131   1.5707963298973258   1.5707962780507281
  -0.0000000003203845  -1.5707962796732875   2.3561944968222970  -2.3561945324330247
   0.0000000001079257  -2.3561944974547608   1.5707962751757600  -0.0000000003120795
   2.3561945322288707  -2.3561944803662427   2.3561944966860544   0.0000000303654375
   1.5707963267948966   2.3561945110520641  -0.0000000067488858  -1.5707963267948966
  -2.3561944730695030   0.0000000003203845   1.5707963478683207  -2.3561944784508819
   2.3561944556016270  -0.0000000001079257   2.3561944986522336  -1.5707963267948966
  -0.0000000295981407   0.0000000067488859  -2.3561945283583006   0.0000000003203845
   2.3561944804532637  -0.0000000002184803  -2.3561944837721702   2.3561944830807846
  -0.0000000004729054  -2.3561944483226984   1.5707963267948966   2.3561944737074301
  -0.0000000003203845   0.0000000066866467  -1.5707963689417450  -1.5707963267948966
  -2.3561944966458475   1.5707963689417450  -0.0000000296250638   2.3561944475294081
  -2.3561945097579433   2.3561944476021659  -1.5707963739165056  -2.3561944468376064
   2.3561944845536607   1.5707963784140331  -2.3561944838225237   0.0000000001079257
  -0.0000000066866468   1.5707963267948966  -2.3561944984486969  -1.5707963478683207
   2.3561945276724172   0.0000000006232113  -0.0000000001079257   0.0000000293316455
   2.3561944786561733   0.0000000001413480  -2.3561944560111745  -0.0000000001413480
  -2.3561944803252759   2.3561945095952161   0.0000000294112881  -2.3561944736818785
   2.3561944963442807  -0.0000000067488858   0.0000000002184803   2.3561944983795069
  -1.5707963057214724  -1.5707963267948966  -2.3561945275064042  -0.0000000293453774
   2.3561944558600678   1.5707963267948966   1.5707963267948966  -2.3561944784565592
   0.0000000067488859   0.0000000001936669  -2.3561945324557407  -2.3561944966979302
   0.0000000001413480   2.3561945324309272  -1.5707962846480481  -0.0000000002184803
  -0.0000000302019410  -2.3561945100226547   2.3561944740876002   2.3561944796793659
  -0.0000000001413480  -1.5707963267948966  -2.3561944976028948   1.5707963267948966
   0.0000000066866467   0.0000000296302582   2.3561945276610761  -2.3561944563032249
  -2.3561944978123375   1.5707962846480481   0.0000000002184803   1.5707963267948966
   2.3561944792468359   2.3561944970329454  -1.5707963267948966  -0.0000000066866468


$redundant_gradients
 2 176
   0.0006056744779984   0.0006056738547556   0.0004231478390317   0.0006056839548784
   0.0004231579429537   0.0006056837778721   0.0004231442726007   0.0006056835576383
   0.0004231461000694   0.0004231578044976   0.0006056834721457   0.0004231460510281
   0.0004231440475556   0.0004231579048495   0.0004231442422383   0.0006056747328624
   0.0006056746407698   0.0004231479962985   0.0004231578880437   0.0004231441977261
   0.0000000003960762  -0.0000000035783688  -0.0000000002921131  -0.0000000014406892
   0.0000000071391825  -0.0000000003091858  -0.0000000002957827  -0.0000000002962623
   0.0000000004359647  -0.0000000036314835   0.0000000071976389  -0.0000000014753414
   0.0000000025555651   0.0000000003547914  -0.0000000027119002  -0.0000000071520751
   0.0000000002452667   0.0000000047893106   0.0000000003569477  -0.0000000071494556
  -0.0000000027061471   0.0000000002330421   0.0000000025933603   0.0000000047510296
   0.0000000047253174   0.0000000003431087   0.0000000025965892   0.0000000002867950
  -0.0000000071693712  -0.0000000026978049  -0.0000000027103093   0.0000000024917620
   0.0000000003719264   0.0000000047961237   0.0000000003012318  -0.0000000071468289
   0.0000000071623481   0.0000000004950496  -0.0000000003626339  -0.0000000003698520
  -0.0000000014352291  -0.0000000036064196   0.0000000004420365  -0.0000000014425255
  -0.0000000036319663  -0.0000000002955456  -0.0000000002717344   0.0000000071185612
   0.0000000000366863  -0.0000000071609525  -0.0000000020377502   0.0000000051014324
  -0.0000000000217700   0.0000000020861735   0.0000000071758689   0.0000000000117370
  -0.0000000051114654   0.0000000001666989   0.0000000004758847  -0.0000000005839991
   0.0000000003181051  -0.0000000007873843   0.0000000006272908   0.0000000002724994
  -0.0000000004325929  -0.0000000000366863  -0.0000000002703432  -0.0000000020305883
   0.0000000019441607   0.0000000000217700  -0.0000000017384752  -0.0000000003351777
   0.0000000005408632  -0.0000000006272908   0.0000000023011083  -0.0000000000366863
  -0.0000000001675458   0.0000000000193902  -0.0000000020319130   0.0000000020706808
   0.0000000000193775  -0.0000000050813943  -0.0000000003324691   0.0000000003994577
   0.0000000000366863  -0.0000000006192641   0.0000000071887614  -0.0000000003234814
  -0.0000000004633286  -0.0000000071326848   0.0000000005553932   0.0000000051374581
   0.0000000006862527   0.0000000051379865   0.0000000071250589  -0.0000000051918937
   0.0000000019575620  -0.0000000071712256  -0.0000000020088424  -0.0000000000217700
   0.0000000006192641   0.0000000003230018   0.0000000017208580   0.0000000003180323
  -0.0000000022253122  -0.0000000000295104   0.0000000000217700  -0.0000000005262242
   0.0000000020171203  -0.0000000000243967  -0.0000000019240804   0.0000000000243967
   0.0000000001350337  -0.0000000006529916  -0.0000000005423547  -0.0000000004199495
   0.0000000005048857   0.0000000006272908  -0.0000000000193902  -0.0000000016927474
  -0.0000000002646570   0.0000000003942487   0.0000000022004798   0.0000000005271226
   0.0000000019552130   0.0000000002574388  -0.0000000003820241  -0.0000000020553813
  -0.0000000006272908  -0.0000000000051130   0.0000000051149337   0.0000000020179048
  -0.0000000000243967  -0.0000000051006564  -0.0000000071429579   0.0000000000193902
   0.0000000005744751   0.0000000007148279   0.0000000003429015  -0.0000000001159561
   0.0000000000243967  -0.0000000003475297  -0.0000000003876905  -0.0000000002473377
  -0.0000000006192641  -0.0000000005417673  -0.0000000022341786  -0.0000000018910699
   0.0000000016730211   0.0000000071379515  -0.0000000000193902   0.0000000003237185
   0.0000000019685667  -0.0000000020474145   0.0000000002761554   0.0000000006192641

   0.0000156895118650   0.0000156903119737   0.0000783025780579   0.0000156879352175
   0.0000783037230987   0.0000156877446054   0.0000782992356989   0.0000156883353903
   0.0000783019508432   0.0000783039313621   0.0000156884297107   0.0000783018571911
   0.0000782995876400   0.0000783037364398   0.0000782993960461   0.0000156892855147
   0.0000156892924492   0.0000783024646743   0.0000783037677808   0.0000782994534796
   0.0000000001783156  -0.0000000020721429  -0.0000000001015362  -0.0000000001277488
   0.0000000030482439  -0.0000000000877673  -0.0000000001564184  -0.0000000001109472
   0.0000000001812326  -0.0000000019926979   0.0000000029573981  -0.0000000000906748
   0.0000000008958211   0.0000000000639536  -0.0000000016289379  -0.0000000030437309
   0.0000000001720244   0.0000000027184978   0.0000000000672509  -0.0000000029939703
  -0.0000000016633560   0.0000000002068861   0.0000000008017791   0.0000000027847895
   0.0000000027803758   0.0000000000404589   0.0000000008551064   0.0000000001101566
  -0.0000000030127639  -0.0000000016116376  -0.0000000016494934   0.0000000009272315
   0.0000000000372995   0.0000000027212107   0.0000000001385617  -0.0000000030028018
   0.0000000029894574   0.0000000001625913  -0.0000000000566414  -0.0000000000445121
  -0.0000000001888031  -0.0000000020161273   0.0000000001918968  -0.0000000001771614
  -0.0000000019800668  -0.0000000001491711  -0.0000000001295981   0.0000000030581676
  -0.0000000000539560  -0.0000000030113541  -0.0000000001649859   0.0000000028832580
   0.0000000000368898   0.0000000001021561   0.0000000029942879  -0.0000000000088739
  -0.0000000028552420   0.0000000002633295   0.0000000003510967   0.0000000003236376
   0.0000000001179096   0.0000000001142642   0.0000000002056769   0.0000000001417233
   0.0000000001782178   0.0000000000539560  -0.0000000001384260  -0.0000000017169370
   0.0000000011966766  -0.0000000000368898  -0.0000000016154009  -0.0000000001041408
  -0.0000000003145835  -0.0000000002056769   0.0000000012639276   0.0000000000539560
  -0.0000000002187625  -0.0000000000229890  -0.0000000002019920   0.0000000001568708
  -0.0000000000221322  -0.0000000028868602  -0.0000000001024624  -0.0000000001374382
  -0.0000000000539560  -0.0000000002126190   0.0000000029897749  -0.0000000000562006
  -0.0000000003751808  -0.0000000030667199  -0.0000000003000001   0.0000000028107719
  -0.0000000000272816   0.0000000028750890   0.0000000030396916  -0.0000000027748456
   0.0000000002191248  -0.0000000029570805  -0.0000000001277128   0.0000000000368898
   0.0000000002126190   0.0000000001016718   0.0000000016028948   0.0000000000740573
  -0.0000000013460571   0.0000000000545221  -0.0000000000368898   0.0000000002937276
   0.0000000017138420   0.0000000000457213  -0.0000000012074954  -0.0000000000457213
   0.0000000002702250  -0.0000000000059279   0.0000000003100183   0.0000000002009582
   0.0000000003147370   0.0000000002056769   0.0000000000229890  -0.0000000015832822
  -0.0000000001490355  -0.0000000000012092   0.0000000012631798  -0.0000000003430914
   0.0000000010911553   0.0000000001611648  -0.0000000000336525  -0.0000000016399236
  -0.0000000002056769  -0.0000000000096224   0.0000000027711550   0.0000000002544013
   0.0000000000457213  -0.0000000028037664  -0.0000000030124463  -0.0000000000229890
  -0.0000000003126490  -0.0000000000426612  -0.0000000000799607  -0.0000000003157090
  -0.0000000000457213  -0.0000000000830208  -0.0000000004453072  -0.0000000001753194
  -0.0000000002126190   0.0000000003290468  -0.0000000012353449  -0.0000000011948860
   0.0000000015873806   0.0000000030351787   0.0000000000229890   0.0000000000634479
   0.0000000017365518  -0.0000000002183024   0.0000000001721601   0.0000000002126190


$hessian_approx
 48 48
                  0          1          2          3          4          5    
      0       0.207330  -0.079697  -0.079697  -0.243933   0.063236   0.063236
      1      -0.079697   0.207330   0.079697   0.063236  -0.243933  -0.063236
      2      -0.079697   0.079697   0.207330   0.063236  -0.063236  -0.243933
      3      -0.243933   0.063236   0.063236   0.853592  -0.118842  -0.118843
      4       0.063236  -0.243933  -0.063236  -0.118842   0.853592   0.118843
      5       0.063236  -0.063236  -0.243933  -0.118843   0.118843   0.853593
      6      -0.001148  -0.000429  -0.002006   0.016344   0.001656  -0.010663
      7       0.000429  -0.000429  -0.000429  -0.031975   0.001656   0.031975
      8      -0.002006   0.000429  -0.001148  -0.010663  -0.001656   0.016344
      9       0.016344   0.031975  -0.010663  -0.159107   0.010428   0.061020
     10      -0.001656   0.001656   0.001656  -0.010428  -0.329340   0.010427
     11      -0.010663  -0.031975   0.016344   0.061020  -0.010427  -0.159106
     12      -0.000429   0.000429   0.000429   0.001656  -0.031975  -0.031975
     13      -0.000429  -0.001148   0.002006   0.001656   0.016344   0.010663
     14      -0.000429   0.002006  -0.001148   0.001656   0.010663   0.016344
     15       0.001656  -0.001656  -0.001656  -0.329340  -0.010428  -0.010428
     16       0.031975   0.016344   0.010663   0.010428  -0.159107  -0.061020
     17       0.031975   0.010663   0.016344   0.010428  -0.061021  -0.159107
     18      -0.001148  -0.002006  -0.000429   0.016344  -0.010663   0.001656
     19      -0.002006  -0.001148   0.000429  -0.010663   0.016344  -0.001656
     20       0.000429  -0.000429  -0.000429  -0.031975   0.031975   0.001656
     21       0.016344  -0.010663   0.031975  -0.159107   0.061021   0.010428
     22      -0.010662   0.016343  -0.031976   0.061021  -0.159107  -0.010428
     23      -0.001657   0.001656   0.001656  -0.010428   0.010428  -0.329340
     24      -0.000429   0.000429   0.000429   0.001656  -0.001656  -0.002920
     25       0.000429  -0.000429  -0.000429  -0.001656   0.001656   0.002920
     26      -0.000429   0.000429   0.000429   0.001656  -0.001656   0.000872
     27       0.001657  -0.001656  -0.001656   0.000370   0.039500   0.000387
     28      -0.001657   0.001657   0.001657   0.039500   0.000370  -0.000387
     29       0.002921  -0.002921   0.000871  -0.000387   0.000387  -0.003400
     30       0.000429  -0.000429  -0.000429   0.000872   0.001656   0.001656
     31       0.000429  -0.000429  -0.000429  -0.002920   0.001656   0.001656
     32       0.000429  -0.000429  -0.000429  -0.002920   0.001656   0.001656
     33       0.000872   0.002920   0.002920  -0.003400  -0.000387  -0.000387
     34      -0.001656   0.001656   0.001656   0.000387   0.000370  -0.039501
     35      -0.001656   0.001656   0.001656   0.000387  -0.039500   0.000370
     36      -0.000429   0.000429   0.000429   0.001656  -0.002920  -0.001656
     37      -0.000429   0.000429   0.000429   0.001656   0.000872  -0.001656
     38       0.000429  -0.000429  -0.000429  -0.001656   0.002920   0.001656
     39       0.001656  -0.001656  -0.001656   0.000370   0.000387   0.039501
     40       0.002920   0.000872  -0.002920  -0.000387  -0.003400   0.000387
     41      -0.001656   0.001656   0.001656   0.039501  -0.000388   0.000369
     42      -0.000429   0.000429   0.000429   0.001656  -0.001656  -0.001656
     43       0.000429  -0.000429  -0.000429  -0.001656   0.001656   0.001656
     44       0.000429  -0.000429  -0.000429  -0.001656   0.001656   0.001656
     45       0.001656  -0.001656  -0.001656   0.000370   0.000644   0.000645
     46      -0.001656   0.001656   0.001656   0.000644   0.000370  -0.000644
     47      -0.001656   0.001656   0.001656   0.000645  -0.000645   0.000369
                  6          7          8          9         10         11    
      0      -0.001148   0.000429  -0.002006   0.016344  -0.001656  -0.010663
      1      -0.000429  -0.000429   0.000429   0.031975   0.001656  -0.031975
      2      -0.002006  -0.000429  -0.001148  -0.010663   0.001656   0.016344
      3       0.016344  -0.031975  -0.010663  -0.159107  -0.010428   0.061020
      4       0.001656   0.001656  -0.001656   0.010428  -0.329340  -0.010427
      5      -0.010663   0.031975   0.016344   0.061020   0.010427  -0.159106
      6       0.207330   0.079697  -0.079697  -0.243933  -0.063236   0.063236
      7       0.079697   0.207330  -0.079697  -0.063236  -0.243933   0.063236
      8      -0.079697  -0.079697   0.207330   0.063236   0.063236  -0.243933
      9      -0.243933  -0.063236   0.063236   0.853592   0.118842  -0.118843
     10      -0.063236  -0.243933   0.063236   0.118842   0.853592  -0.118843
     11       0.063236   0.063236  -0.243933  -0.118843  -0.118843   0.853593
     12      -0.000429  -0.000429   0.000429   0.001656   0.001656  -0.002920
     13      -0.000429  -0.000429   0.000429   0.001656   0.001656  -0.002920
     14      -0.000429  -0.000429   0.000429   0.001656   0.001656   0.000872
     15       0.001656   0.001656  -0.001656   0.000370  -0.039500   0.000387
     16       0.001656   0.001656  -0.001656  -0.039500   0.000370   0.000388
     17       0.002920   0.002920   0.000872  -0.000387  -0.000387  -0.003400
     18       0.000429   0.000429  -0.000429   0.000872  -0.001656   0.001656
     19      -0.000429  -0.000429   0.000429   0.002920   0.001656  -0.001656
     20       0.000429   0.000429  -0.000429  -0.002920  -0.001656   0.001656
     21       0.000872  -0.002920   0.002920  -0.003400   0.000387  -0.000387
     22       0.001657   0.001657  -0.001657  -0.000387   0.000370   0.039500
     23      -0.001656  -0.001656   0.001656   0.000387   0.039500   0.000370
     24      -0.000429  -0.000429   0.000429   0.001656   0.031975  -0.031975
     25       0.000429  -0.001148  -0.002006  -0.001656   0.016344  -0.010663
     26      -0.000429  -0.002006  -0.001148   0.001656  -0.010663   0.016344
     27       0.001657   0.001656  -0.001656  -0.329340   0.010428  -0.010428
     28      -0.031976   0.016343  -0.010662  -0.010428  -0.159107   0.061021
     29       0.031976  -0.010662   0.016343   0.010428   0.061021  -0.159107
     30      -0.001148   0.002006  -0.000429   0.016344   0.010663   0.001656
     31       0.002006  -0.001148  -0.000429   0.010663   0.016344   0.001656
     32       0.000429   0.000429  -0.000429  -0.031975  -0.031975   0.001656
     33       0.016344   0.010663   0.031975  -0.159107  -0.061021   0.010428
     34       0.010663   0.016344   0.031975  -0.061021  -0.159107   0.010427
     35      -0.001656  -0.001656   0.001656  -0.010428  -0.010428  -0.329340
     36      -0.000429  -0.000429   0.000429   0.001656   0.001656  -0.001656
     37      -0.000429  -0.000429   0.000429   0.001656   0.001656  -0.001656
     38       0.000429   0.000429  -0.000429  -0.001656  -0.001656   0.001656
     39       0.001656   0.001656  -0.001656   0.000370  -0.000644   0.000645
     40       0.001656   0.001656  -0.001656  -0.000644   0.000370   0.000644
     41      -0.001656  -0.001656   0.001656   0.000645   0.000645   0.000369
     42      -0.000429  -0.000429   0.000429   0.001656   0.002920  -0.001656
     43       0.000429   0.000429  -0.000429  -0.001656   0.000872   0.001656
     44       0.000429   0.000429  -0.000429  -0.001656  -0.002920   0.001656
     45       0.001656   0.001656  -0.001656   0.000370  -0.000387   0.039501
     46      -0.002920   0.000872   0.002920   0.000387  -0.003400  -0.000387
     47      -0.001656  -0.001656   0.001656   0.039501   0.000388   0.000369
                 12         13         14         15         16         17    
      0      -0.000429  -0.000429  -0.000429   0.001656   0.031975   0.031975
      1       0.000429  -0.001148   0.002006  -0.001656   0.016344   0.010663
      2       0.000429   0.002006  -0.001148  -0.001656   0.010663   0.016344
      3       0.001656   0.001656   0.001656  -0.329340   0.010428   0.010428
      4      -0.031975   0.016344   0.010663  -0.010428  -0.159107  -0.061021
      5      -0.031975   0.010663   0.016344  -0.010428  -0.061020  -0.159107
      6      -0.000429  -0.000429  -0.000429   0.001656   0.001656   0.002920
      7      -0.000429  -0.000429  -0.000429   0.001656   0.001656   0.002920
      8       0.000429   0.000429   0.000429  -0.001656  -0.001656   0.000872
      9       0.001656   0.001656   0.001656   0.000370  -0.039500  -0.000387
     10       0.001656   0.001656   0.001656  -0.039500   0.000370  -0.000387
     11      -0.002920  -0.002920   0.000872   0.000387   0.000388  -0.003400
     12       0.207330   0.079697   0.079697  -0.243933  -0.063236  -0.063237
     13       0.079697   0.207330   0.079697  -0.063236  -0.243933  -0.063236
     14       0.079697   0.079697   0.207330  -0.063236  -0.063236  -0.243933
     15      -0.243933  -0.063236  -0.063236   0.853592   0.118842   0.118842
     16      -0.063236  -0.243933  -0.063236   0.118842   0.853592   0.118842
     17      -0.063237  -0.063236  -0.243933   0.118842   0.118842   0.853592
     18      -0.000429  -0.000429  -0.000429   0.001656   0.002920   0.001657
     19       0.000429   0.000429   0.000429  -0.001656   0.000872  -0.001656
     20      -0.000429  -0.000429  -0.000429   0.001656   0.002920   0.001656
     21       0.001656   0.001656   0.001656   0.000370  -0.000387  -0.039500
     22      -0.002921   0.000871  -0.002921   0.000387  -0.003400   0.000387
     23       0.001657   0.001656   0.001657  -0.039500  -0.000387   0.000370
     24      -0.001148   0.000429   0.002006   0.016344  -0.001656   0.010662
     25      -0.000429  -0.000429  -0.000429   0.031975   0.001656   0.031975
     26       0.002006   0.000429  -0.001148   0.010663  -0.001656   0.016344
     27       0.016343  -0.031976   0.010662  -0.159107  -0.010428  -0.061021
     28       0.001657   0.001657   0.001657   0.010428  -0.329340   0.010428
     29       0.010662  -0.031976   0.016343  -0.061021  -0.010428  -0.159107
     30      -0.000429  -0.000429  -0.000429   0.001656   0.001656   0.001657
     31      -0.000429  -0.000429  -0.000429   0.001656   0.001656   0.001656
     32      -0.000429  -0.000429  -0.000429   0.001656   0.001656   0.001656
     33       0.001656   0.001656   0.001656   0.000370  -0.000644  -0.000644
     34       0.001657   0.001656   0.001656  -0.000644   0.000370  -0.000644
     35       0.001657   0.001656   0.001656  -0.000644  -0.000644   0.000370
     36      -0.001148   0.002006   0.000429   0.016344   0.010663  -0.001656
     37       0.002006  -0.001148   0.000429   0.010663   0.016344  -0.001656
     38      -0.000429  -0.000429  -0.000429   0.031975   0.031975   0.001656
     39       0.016344   0.010663  -0.031975  -0.159107  -0.061021  -0.010428
     40       0.010662   0.016344  -0.031975  -0.061021  -0.159107  -0.010428
     41       0.001656   0.001656   0.001656   0.010428   0.010427  -0.329340
     42       0.000429   0.000429   0.000429   0.000872  -0.001656  -0.001656
     43      -0.000429  -0.000429  -0.000429   0.002920   0.001656   0.001656
     44      -0.000429  -0.000429  -0.000429   0.002920   0.001656   0.001656
     45       0.000872  -0.002920  -0.002920  -0.003400   0.000387   0.000387
     46       0.001656   0.001656   0.001656  -0.000387   0.000370  -0.039500
     47       0.001656   0.001656   0.001656  -0.000387  -0.039501   0.000370
                 18         19         20         21         22         23    
      0      -0.001148  -0.002006   0.000429   0.016344  -0.010662  -0.001657
      1      -0.002006  -0.001148  -0.000429  -0.010663   0.016343   0.001656
      2      -0.000429   0.000429  -0.000429   0.031975  -0.031976   0.001656
      3       0.016344  -0.010663  -0.031975  -0.159107   0.061021  -0.010428
      4      -0.010663   0.016344   0.031975   0.061021  -0.159107   0.010428
      5       0.001656  -0.001656   0.001656   0.010428  -0.010428  -0.329340
      6       0.000429  -0.000429   0.000429   0.000872   0.001657  -0.001656
      7       0.000429  -0.000429   0.000429  -0.002920   0.001657  -0.001656
      8      -0.000429   0.000429  -0.000429   0.002920  -0.001657   0.001656
      9       0.000872   0.002920  -0.002920  -0.003400  -0.000387   0.000387
     10      -0.001656   0.001656  -0.001656   0.000387   0.000370   0.039500
     11       0.001656  -0.001656   0.001656  -0.000387   0.039500   0.000370
     12      -0.000429   0.000429  -0.000429   0.001656  -0.002921   0.001657
     13      -0.000429   0.000429  -0.000429   0.001656   0.000871   0.001656
     14      -0.000429   0.000429  -0.000429   0.001656  -0.002921   0.001657
     15       0.001656  -0.001656   0.001656   0.000370   0.000387  -0.039500
     16       0.002920   0.000872   0.002920  -0.000387  -0.003400  -0.000387
     17       0.001657  -0.001656   0.001656  -0.039500   0.000387   0.000370
     18       0.207330  -0.079697   0.079697  -0.243933   0.063237  -0.063237
     19      -0.079697   0.207330  -0.079697   0.063236  -0.243934   0.063236
     20       0.079697  -0.079697   0.207330  -0.063236   0.063237  -0.243934
     21      -0.243933   0.063236  -0.063236   0.853592  -0.118842   0.118842
     22       0.063237  -0.243934   0.063237  -0.118842   0.853592  -0.118842
     23      -0.063237   0.063236  -0.243934   0.118842  -0.118842   0.853592
     24      -0.000429   0.000429  -0.000429   0.001656  -0.001657   0.001657
     25       0.000429  -0.000429   0.000429  -0.001656   0.001657  -0.001656
     26      -0.000429   0.000429  -0.000429   0.001656  -0.001657   0.001657
     27       0.001657  -0.001656   0.001657   0.000370   0.000644  -0.000644
     28      -0.001657   0.001657  -0.001657   0.000644   0.000370   0.000644
     29       0.001657  -0.001657   0.001657  -0.000644   0.000644   0.000370
     30      -0.001148  -0.000429   0.002006   0.016344   0.001657   0.010662
     31       0.000429  -0.000429   0.000429  -0.031975   0.001657  -0.031975
     32       0.002006  -0.000429  -0.001148   0.010663   0.001657   0.016343
     33       0.016344   0.031975   0.010663  -0.159107   0.010428  -0.061021
     34      -0.001657   0.001656  -0.001656  -0.010428  -0.329340  -0.010428
     35       0.010662   0.031975   0.016344  -0.061021   0.010428  -0.159107
     36      -0.000429   0.000429  -0.000429   0.001656  -0.031976   0.031975
     37      -0.000429  -0.001148  -0.002006   0.001656   0.016343  -0.010663
     38       0.000429  -0.002006  -0.001148  -0.001656  -0.010662   0.016344
     39       0.001656  -0.001656   0.001656  -0.329340  -0.010428   0.010428
     40       0.031976   0.016344  -0.010663   0.010428  -0.159107   0.061021
     41      -0.031975  -0.010663   0.016344  -0.010428   0.061021  -0.159107
     42      -0.000429   0.000429  -0.000429   0.001656  -0.001657   0.002921
     43       0.000429  -0.000429   0.000429  -0.001656   0.001657  -0.002920
     44       0.000429  -0.000429   0.000429  -0.001656   0.001657   0.000872
     45       0.001656  -0.001656   0.001656   0.000370   0.039500  -0.000387
     46      -0.001656   0.001656  -0.001656   0.039500   0.000370   0.000387
     47      -0.002920   0.002920   0.000872   0.000387  -0.000387  -0.003400
                 24         25         26         27         28         29    
      0      -0.000429   0.000429  -0.000429   0.001657  -0.001657   0.002921
      1       0.000429  -0.000429   0.000429  -0.001656   0.001657  -0.002921
      2       0.000429  -0.000429   0.000429  -0.001656   0.001657   0.000871
      3       0.001656  -0.001656   0.001656   0.000370   0.039500  -0.000387
      4      -0.001656   0.001656  -0.001656   0.039500   0.000370   0.000387
      5      -0.002920   0.002920   0.000872   0.000387  -0.000387  -0.003400
      6      -0.000429   0.000429  -0.000429   0.001657  -0.031976   0.031976
      7      -0.000429  -0.001148  -0.002006   0.001656   0.016343  -0.010662
      8       0.000429  -0.002006  -0.001148  -0.001656  -0.010662   0.016343
      9       0.001656  -0.001656   0.001656  -0.329340  -0.010428   0.010428
     10       0.031975   0.016344  -0.010663   0.010428  -0.159107   0.061021
     11      -0.031975  -0.010663   0.016344  -0.010428   0.061021  -0.159107
     12      -0.001148  -0.000429   0.002006   0.016343   0.001657   0.010662
     13       0.000429  -0.000429   0.000429  -0.031976   0.001657  -0.031976
     14       0.002006  -0.000429  -0.001148   0.010662   0.001657   0.016343
     15       0.016344   0.031975   0.010663  -0.159107   0.010428  -0.061021
     16      -0.001656   0.001656  -0.001656  -0.010428  -0.329340  -0.010428
     17       0.010662   0.031975   0.016344  -0.061021   0.010428  -0.159107
     18      -0.000429   0.000429  -0.000429   0.001657  -0.001657   0.001657
     19       0.000429  -0.000429   0.000429  -0.001656   0.001657  -0.001657
     20      -0.000429   0.000429  -0.000429   0.001657  -0.001657   0.001657
     21       0.001656  -0.001656   0.001656   0.000370   0.000644  -0.000644
     22      -0.001657   0.001657  -0.001657   0.000644   0.000370   0.000644
     23       0.001657  -0.001656   0.001657  -0.000644   0.000644   0.000370
     24       0.207330  -0.079697   0.079697  -0.243934   0.063237  -0.063237
     25      -0.079697   0.207330  -0.079697   0.063236  -0.243934   0.063237
     26       0.079697  -0.079697   0.207330  -0.063237   0.063237  -0.243934
     27      -0.243934   0.063236  -0.063237   0.853592  -0.118842   0.118842
