
$orca_opt_file

$trust
    0.300000000000

$epredict
    0.000000000000

$ediffsc
  1000.000000000000

$ctyp
  4

$coordinates
 1 48
   2.66518818   2.66518820   2.66518820  -2.66518818  -2.66518820   2.66518820
  -2.66518818   2.66518820  -2.66518820   2.66518818  -2.66518820  -2.66518820
  -2.66518818  -2.66518820  -2.66518820   2.66518818   2.66518820  -2.66518820
   2.66518818  -2.66518820   2.66518820  -2.66518818   2.66518820   2.66518820
   1.48119960   1.48119960   1.48119960  -1.48119960  -1.48119960   1.48119960
  -1.48119960   1.48119960  -1.48119960   1.48119960  -1.48119960  -1.48119960
  -1.48119960  -1.48119960  -1.48119960   1.48119960   1.48119960  -1.48119960
   1.48119960  -1.48119960   1.48119960  -1.48119960   1.48119960   1.48119960


# redundant internal coordinates
#  nbonds nangles ndihedrals nimpropers ncartesians
# bond  definitions A B
# angle definitions A B C
# dihedral definitions A B C D
# improper torsion definitions A B C D
# cartesian definitions A x/y/z
$redundant_internals
 20 48 108 0 0
   8   0   0
   9   1   0
  10   2   0
  11   3   0
  12   9   0
  12  10   0
  12   4   0
  12  11   0
  13  11   0
  13  10   0
  13   8   0
  13   5   0
  14   9   0
  14   8   0
  14   6   0
  14  11   0
  15  10   0
  15   9   0
  15   8   0
  15   7   0
   0   8  13   0   0
   0   8  15   0   0
  13   8  15   0   0
  14   8  15   0   0
   0   8  14   0   0
  13   8  14   0   0
   1   9  14   0   0
  14   9  15   0   0
  12   9  15   0   0
   1   9  12   0   0
   1   9  15   0   0
  12   9  14   0   0
  12  10  13   0   0
   2  10  13   0   0
  12  10  15   0   0
   2  10  15   0   0
  13  10  15   0   0
   2  10  12   0   0
  13  11  14   0   0
  12  11  14   0   0
   3  11  14   0   0
   3  11  12   0   0
  12  11  13   0   0
   3  11  13   0   0
   4  12  11   0   0
   9  12  10   0   0
  10  12  11   0   0
   4  12  10   0   0
   9  12  11   0   0
   4  12   9   0   0
   8  13  10   0   0
   5  13  10   0   0
   5  13   8   0   0
  10  13  11   0   0
   8  13  11   0   0
   5  13  11   0   0
   6  14  11   0   0
   8  14   9   0   0
   6  14   9   0   0
   6  14   8   0   0
   9  14  11   0   0
   8  14  11   0   0
   9  15  10   0   0
   8  15  10   0   0
   7  15  10   0   0
   8  15   9   0   0
   7  15   9   0   0
   7  15   8   0   0
  11  12  10  13   0
   9  12  10  13   0
   9  12  11   3   0
  11  12   9  15   0
   4  12  11   3   0
   4  12  10   2   0
   4  12  10  13   0
   9  12  11  14   0
   9  12  11  13   0
  10  12  11  13   0
  11  12   9   1   0
  10  12  11  14   0
  10  12   9  14   0
  11  12   9  14   0
  11  12  10   2   0
   4  12  11  14   0
   4  12   9   1   0
   9  12  10   2   0
   4  12   9  15   0
  10  12  11   3   0
  10  12   9   1   0
  10  12   9  15   0
   4  12  11  13   0
   4  12  10  15   0
   4  12   9  14   0
  11  12  10  15   0
   9  12  10  15   0
   5  13   8  15   0
   5  13   8  14   0
  10  13   8   0   0
   5  13   8   0   0
  10  13  11  14   0
  10  13  11   3   0
   8  13  11   3   0
   5  13  11  14   0
   8  13  11  12   0
   8  13  11  14   0
  11  13  10  12   0
  11  13  10   2   0
   8  13  10  15   0
  10  13  11  12   0
   8  13  10  12   0
   8  13  10   2   0
  11  13  10  15   0
   5  13  11   3   0
   5  13  11  12   0
  11  13   8  14   0
   5  13  10   2   0
  11  13   8  15   0
   5  13  10  15   0
  11  13   8   0   0
  10  13   8  15   0
  10  13   8  14   0
   5  13  10  12   0
  11  14   8  13   0
  11  14   8   0   0
   9  14   8  15   0
   9  14   8  13   0
   9  14   8   0   0
   6  14   8  15   0
   6  14   8  13   0
  11  14   8  15   0
   6  14   8   0   0
   9  14  11  13   0
   9  14  11  12   0
   8  14  11  13   0
   8  14  11  12   0
   8  14  11   3   0
   6  14  11  12   0
   6  14  11   3   0
  11  14   9  15   0
  11  14   9  12   0
  11  14   9   1   0
   6  14  11  13   0
   8  14   9  15   0
   8  14   9  12   0
   8  14   9   1   0
   9  14  11   3   0
   6  14   9  15   0
   6  14   9  12   0
   6  14   9   1   0
   9  15  10  13   0
   9  15  10   2   0
   8  15  10  13   0
   8  15  10  12   0
   7  15  10  13   0
   7  15  10  12   0
   7  15  10   2   0
  10  15   9  14   0
  10  15   9  12   0
  10  15   9   1   0
   8  15   9  14   0
   8  15   9  12   0
   8  15   9   1   0
   7  15   9  14   0
   7  15   9  12   0
   7  15   9   1   0
  10  15   8  14   0
  10  15   8  13   0
  10  15   8   0   0
   9  15   8  14   0
   8  15  10   2   0
   9  15   8  13   0
   9  15   8   0   0
   7  15   8  14   0
   9  15  10  12   0
   7  15   8  13   0
   7  15   8   0   0
$energies
 1
 -308.8166406281800391

$gradients
 1 48
   0.0000057953627675   0.0000058009902659   0.0000057999500313  -0.0000057948000176
  -0.0000057993986502   0.0000057991826452  -0.0000057947772802   0.0000057971249134
  -0.0000057997453951   0.0000057948568610  -0.0000057984664181  -0.0000057998363445
  -0.0000057945158005  -0.0000057966758504  -0.0000057988245317   0.0000057936517805
   0.0000057964541611  -0.0000057982617818   0.0000057936915709  -0.0000057962324718
   0.0000057983356783  -0.0000057936119902   0.0000057963688960   0.0000057983015722
  -0.0000856828876295  -0.0000856831320562  -0.0000856845929320   0.0000856830922657
   0.0000856835924878  -0.0000856843143993   0.0000856828819451  -0.0000856832741647
   0.0000856855251641  -0.0000856833366925   0.0000856839108110   0.0000856853603182
   0.0000856803239913   0.0000856802614635   0.0000856820747686  -0.0000856799601934
  -0.0000856811709582   0.0000856816313899  -0.0000856804263094   0.0000856805968397
  -0.0000856823078266   0.0000856804547311  -0.0000856809492689  -0.0000856824783568


$redundant_coords
 1 176
   2.0507283933028075   2.0507283933028075   2.0507283933028075   2.0507283933028075
   2.9623992027851660   2.9623992027851660   2.0507283933028075   2.9623992027851660
   2.9623992027851660   2.9623992027851660   2.9623992027851660   2.0507283933028075
   2.9623992027851660   2.9623992027851660   2.0507283933028075   2.9623992027851660
   2.9623992027851660   2.9623992027851660   2.9623992027851660   2.0507283933028075
   2.1862760392272511   2.1862760279413487   1.5707963267948966   1.5707963267948966
   2.1862760392272511   1.5707963267948966   2.1862760279413487   1.5707963267948966
   1.5707963267948966   2.1862760392272511   2.1862760392272511   1.5707963267948966
   1.5707963267948966   2.1862760279413487   1.5707963267948966   2.1862760392272511
   1.5707963267948966   2.1862760392272511   1.5707963267948966   1.5707963267948966
   2.1862760392272511   2.1862760279413487   1.5707963267948966   2.1862760392272511
   2.1862760279413487   1.5707963267948966   1.5707963267948966   2.1862760392272511
   1.5707963267948966   2.1862760392272511   1.5707963267948966   2.1862760279413487
   2.1862760392272511   1.5707963267948966   1.5707963267948966   2.1862760392272511
   2.1862760392272511   1.5707963267948966   2.1862760279413487   2.1862760392272511
   1.5707963267948966   1.5707963267948966   1.5707963267948966   1.5707963267948966
   2.1862760392272511   1.5707963267948966   2.1862760392272511   2.1862760279413487
   0.0000000000000000   1.5707963267948966   2.3561944901923448   1.5707963267948966
   0.0000000000000000   0.0000000000000000  -2.3561944822120053   0.0000000000000000
  -1.5707963267948966   0.0000000000000000  -2.3561944822120053   1.5707963267948966
  -1.5707963267948966   0.0000000000000000   2.3561944822120053  -2.3561944901923448
   0.0000000000000000  -2.3561944981726843  -2.3561944981726843  -2.3561944901923448
   2.3561944981726843   0.0000000000000000   2.3561944901923448   2.3561944981726843
   2.3561944822120053  -1.5707963267948966   0.0000000000000000   2.3561944822120053
  -2.3561944981726843  -2.3561944822120053   0.0000000000000000  -1.5707963267948966
   2.3561944822120053  -2.3561944981726843   2.3561944981726843   1.5707963267948966
   0.0000000000000000   0.0000000000000000  -2.3561944901923448   0.0000000000000000
   0.0000000000000000  -1.5707963267948966   2.3561944901923448   1.5707963267948966
   0.0000000000000000  -2.3561944822120053   0.0000000000000000   0.0000000000000000
  -1.5707963267948966  -2.3561944901923448   2.3561944981726843   0.0000000000000000
   1.5707963267948966   2.3561944901923448   0.0000000000000000  -2.3561944981726843
   0.0000000000000000  -1.5707963267948966   2.3561944822120053  -2.3561944822120053
   2.3561944981726843   1.5707963267948966   0.0000000000000000   1.5707963267948966
   0.0000000000000000   0.0000000000000000  -1.5707963267948966   2.3561944981726843
   2.3561944822120053   0.0000000000000000  -1.5707963267948966   0.0000000000000000
   2.3561944901923448  -2.3561944981726843   0.0000000000000000   1.5707963267948966
  -2.3561944901923448  -2.3561944822120053   2.3561944901923448  -2.3561944901923448
   0.0000000000000000  -1.5707963267948966   2.3561944981726843   0.0000000000000000
   1.5707963267948966   2.3561944822120053  -2.3561944981726843   0.0000000000000000
   1.5707963267948966   0.0000000000000000  -2.3561944981726843   0.0000000000000000
  -1.5707963267948966   2.3561944822120053  -2.3561944822120053   2.3561944981726843
   0.0000000000000000  -1.5707963267948966   0.0000000000000000   2.3561944901923448
   0.0000000000000000  -2.3561944822120053   1.5707963267948966  -2.3561944901923448
   2.3561944901923448   0.0000000000000000  -2.3561944901923448   0.0000000000000000


$redundant_gradients
 1 176
   0.0000100437602574   0.0000100420733832   0.0000100410724170   0.0000100419453908
  -0.0000798844757648  -0.0000798850809821   0.0000100401305242  -0.0000798871779590
  -0.0000798847774035  -0.0000798871523328  -0.0000798843897819   0.0000100391787859
  -0.0000798873813388  -0.0000798835496508   0.0000100391164307  -0.0000798844815229
  -0.0000798845765181  -0.0000798841801751  -0.0000798873362142   0.0000100391295581
   0.0000000006832756  -0.0000000011978139   0.0000000001709493  -0.0000000003138123
   0.0000000008209370  -0.0000000002904503  -0.0000000011585787  -0.0000000000857374
   0.0000000000560939   0.0000000004236817   0.0000000004978800   0.0000000003648359
   0.0000000004318528  -0.0000000012349287   0.0000000003941848   0.0000000008688103
   0.0000000001719130  -0.0000000003395392   0.0000000001549636   0.0000000002981259
   0.0000000008426869  -0.0000000014325033   0.0000000003380260   0.0000000000304133
  -0.0000000007030898  -0.0000000000901046  -0.0000000003293755   0.0000000002071765
  -0.0000000003667797   0.0000000010518829  -0.0000000002339848  -0.0000000007825328
   0.0000000007354546  -0.0000000004405032   0.0000000002594818   0.0000000003405320
   0.0000000010152589   0.0000000001009698  -0.0000000010924000   0.0000000003028549
  -0.0000000002961822  -0.0000000001239951  -0.0000000003601741  -0.0000000001088776
   0.0000000010620221   0.0000000002985798   0.0000000003327329  -0.0000000012742131
   0.0000000002700614  -0.0000000000967183   0.0000000004519391  -0.0000000000607442
  -0.0000000001717087  -0.0000000001074306   0.0000000014472600  -0.0000000000249932
  -0.0000000001799568  -0.0000000002700614   0.0000000009990467  -0.0000000001150978
   0.0000000003543687   0.0000000000249932  -0.0000000012846293  -0.0000000006486410
   0.0000000003817414  -0.0000000016514090  -0.0000000006780494   0.0000000003618345
   0.0000000013284221   0.0000000002686313  -0.0000000008036046   0.0000000012753470
  -0.0000000005923121   0.0000000000981484  -0.0000000002686313  -0.0000000006852501
  -0.0000000009990623   0.0000000011752249   0.0000000003546164  -0.0000000000280645
  -0.0000000013962728  -0.0000000016302576   0.0000000012783148   0.0000000000360766
  -0.0000000002620493  -0.0000000002700614   0.0000000006514933  -0.0000000001353584
   0.0000000002700614  -0.0000000005295432   0.0000000003920115   0.0000000001241234
  -0.0000000000898935   0.0000000015764407   0.0000000002620493   0.0000000001392407
   0.0000000005758616  -0.0000000003881291   0.0000000016157281   0.0000000001353584
  -0.0000000001784539  -0.0000000007823140  -0.0000000002620493  -0.0000000015183868
   0.0000000002050822   0.0000000000341329  -0.0000000012222046   0.0000000014348486
   0.0000000012638993  -0.0000000000911000   0.0000000000075618   0.0000000003630192
   0.0000000000249932   0.0000000002620493  -0.0000000000759766   0.0000000010558935
  -0.0000000010981795   0.0000000000336906  -0.0000000000810871  -0.0000000000249932
   0.0000000001197804  -0.0000000007601535  -0.0000000002050822  -0.0000000001489883
  -0.0000000000042147   0.0000000011568633  -0.0000000004482544  -0.0000000003921605
  -0.0000000002473869  -0.0000000001632214   0.0000000007969768   0.0000000001353584
   0.0000000005672111  -0.0000000010245657  -0.0000000005927129  -0.0000000000643674
   0.0000000000962046  -0.0000000002686313  -0.0000000012759560   0.0000000002050822
  -0.0000000001597538  -0.0000000011670785   0.0000000014732342   0.0000000011083983
   0.0000000001010735   0.0000000001550919  -0.0000000001353584   0.0000000001549063
  -0.0000000002050822   0.0000000010955567  -0.0000000004955325  -0.0000000002052678
  -0.0000000003369518   0.0000000002686313  -0.0000000006274021  -0.0000000003371374


$hessian_approx
 48 48
                  0          1          2          3          4          5    
      0       0.207031   0.079739   0.079739  -0.000000  -0.000000  -0.000000
      1       0.079739   0.207031   0.079739  -0.000000   0.000000   0.000000
      2       0.079739   0.079739   0.207031   0.000000   0.000000   0.000000
      3      -0.000000   0.000000   0.000000   0.207031   0.079739  -0.079739
      4      -0.000000  -0.000000   0.000000   0.079739   0.207031  -0.079739
      5      -0.000000   0.000000   0.000000  -0.079739  -0.079739   0.207031
      6       0.000000  -0.000000  -0.000000   0.000000  -0.000000   0.000000
      7      -0.000000  -0.000000   0.000000  -0.000000  -0.000000   0.000000
      8      -0.000000   0.000000   0.000000  -0.000000  -0.000000  -0.000000
      9       0.000000  -0.000000  -0.000000  -0.000000   0.000000   0.000000
     10       0.000000   0.000000  -0.000000  -0.000000   0.000000   0.000000
     11       0.000000  -0.000000   0.000000   0.000000   0.000000   0.000000
     12      -0.000000   0.000000   0.000000  -0.001542   0.001542  -0.000000
     13       0.000000  -0.000000   0.000000   0.001542  -0.001542   0.000000
     14       0.000000   0.000000  -0.000000   0.000000   0.000000   0.000000
     15      -0.001542   0.001542   0.000000  -0.000000  -0.000000  -0.000000
     16       0.001542  -0.001542  -0.000000  -0.000000  -0.000000  -0.000000
     17      -0.000000   0.000000   0.000000   0.000000  -0.000000  -0.000000
     18      -0.001542  -0.000000   0.001542   0.000000   0.000000   0.000000
     19      -0.000000   0.000000  -0.000000   0.000000  -0.001542  -0.001542
     20       0.001542   0.000000  -0.001542   0.000000  -0.001542  -0.001542
     21       0.000000  -0.000000  -0.000000  -0.001542   0.000000  -0.001542
     22       0.000000  -0.001542   0.001542  -0.000000   0.000000   0.000000
     23       0.000000   0.001542  -0.001542  -0.001542   0.000000  -0.001542
     24      -0.242180  -0.062164  -0.062164  -0.000000   0.000000   0.000000
     25      -0.062164  -0.242180  -0.062164   0.000000  -0.000000  -0.000000
     26      -0.062164  -0.062164  -0.242180   0.001232   0.001232   0.002465
     27       0.000000  -0.000000  -0.000000  -0.242180  -0.062164   0.062164
     28       0.000000   0.000000  -0.000000  -0.062164  -0.242180   0.062164
     29      -0.001232  -0.001232   0.002465   0.062164   0.062164  -0.242180
     30      -0.000000   0.000000   0.000000   0.002465  -0.001232   0.001232
     31      -0.001232   0.002465  -0.001232   0.000000   0.000000  -0.000000
     32       0.000000  -0.000000  -0.000000   0.000000   0.000000  -0.000000
     33       0.002465  -0.001232  -0.001232   0.000000  -0.000000  -0.000000
     34      -0.000000  -0.000000   0.000000  -0.001232   0.002465   0.001232
     35      -0.000000   0.000000  -0.000000   0.000000  -0.000000  -0.000000
     36       0.000000  -0.000000  -0.000000   0.017884   0.012336   0.030220
     37      -0.000000   0.000000  -0.000000   0.012336   0.017884   0.030220
     38      -0.000000  -0.000000   0.000000  -0.000000  -0.000000  -0.000000
     39       0.017884   0.012336  -0.030220   0.000000  -0.000000   0.000000
     40       0.012336   0.017884  -0.030220  -0.000000   0.000000   0.000000
     41       0.000000   0.000000  -0.000000  -0.000000   0.000000   0.000000
     42       0.017884  -0.030220   0.012336  -0.000000  -0.000000  -0.000000
     43       0.000000  -0.000000   0.000000  -0.030220   0.017884  -0.012336
     44       0.012336  -0.030220   0.017884   0.030220  -0.012336   0.017884
     45      -0.000000   0.000000   0.000000   0.017884  -0.030220  -0.012336
     46      -0.030220   0.017884   0.012336   0.000000  -0.000000  -0.000000
     47      -0.030220   0.012336   0.017884  -0.012336   0.030220   0.017884
                  6          7          8          9         10         11    
      0      -0.000000  -0.000000  -0.000000   0.000000   0.000000   0.000000
      1      -0.000000  -0.000000   0.000000  -0.000000  -0.000000   0.000000
      2      -0.000000   0.000000  -0.000000  -0.000000  -0.000000  -0.000000
      3       0.000000  -0.000000  -0.000000   0.000000  -0.000000   0.000000
      4      -0.000000   0.000000  -0.000000   0.000000   0.000000   0.000000
      5       0.000000   0.000000  -0.000000   0.000000   0.000000   0.000000
      6       0.207031  -0.079739   0.079739  -0.000000  -0.000000  -0.000000
      7      -0.079739   0.207031  -0.079739   0.000000   0.000000  -0.000000
      8       0.079739  -0.079739   0.207031   0.000000   0.000000   0.000000
      9      -0.000000   0.000000   0.000000   0.207031  -0.079739  -0.079739
     10      -0.000000   0.000000  -0.000000  -0.079739   0.207031   0.079739
     11      -0.000000  -0.000000   0.000000  -0.079739   0.079739   0.207031
     12      -0.001542  -0.000000   0.001542   0.000000   0.000000   0.000000
     13      -0.000000   0.000000   0.000000  -0.000000  -0.001542   0.001542
     14       0.001542   0.000000  -0.001542  -0.000000   0.001542  -0.001542
     15       0.000000  -0.000000   0.000000  -0.001542  -0.000000  -0.001542
     16       0.000000  -0.001542  -0.001542   0.000000   0.000000   0.000000
     17       0.000000  -0.001542  -0.001542  -0.001542   0.000000  -0.001542
     18       0.000000   0.000000   0.000000  -0.001542  -0.001542  -0.000000
     19       0.000000  -0.000000  -0.000000  -0.001542  -0.001542   0.000000
     20       0.000000  -0.000000  -0.000000   0.000000   0.000000   0.000000
     21      -0.001542  -0.001542   0.000000  -0.000000  -0.000000  -0.000000
     22      -0.001542  -0.001542   0.000000  -0.000000  -0.000000  -0.000000
     23      -0.000000   0.000000   0.000000  -0.000000  -0.000000  -0.000000
     24       0.000000   0.000000   0.000000   0.002465   0.001232   0.001232
     25       0.001232   0.002465   0.001232   0.000000   0.000000  -0.000000
     26      -0.000000  -0.000000   0.000000   0.000000  -0.000000   0.000000
     27       0.002465   0.001232  -0.001232  -0.000000   0.000000  -0.000000
     28       0.000000  -0.000000   0.000000   0.001232   0.002465  -0.001232
     29      -0.000000  -0.000000   0.000000  -0.000000  -0.000000  -0.000000
     30      -0.242180   0.062164  -0.062164  -0.000000   0.000000   0.000000
     31       0.062164  -0.242180   0.062164  -0.000000  -0.000000  -0.000000
     32      -0.062164   0.062164  -0.242180   0.001232  -0.001232   0.002465
     33      -0.000000  -0.000000  -0.000000  -0.242180   0.062164   0.062164
     34      -0.000000  -0.000000  -0.000000   0.062164  -0.242180  -0.062164
     35      -0.001232   0.001232   0.002465   0.062164  -0.062164  -0.242180
     36       0.017884   0.030220   0.012336  -0.000000  -0.000000  -0.000000
     37       0.000000  -0.000000  -0.000000   0.030220   0.017884   0.012336
     38       0.012336   0.030220   0.017884   0.030220   0.012336   0.017884
     39       0.000000   0.000000  -0.000000   0.017884   0.030220  -0.012336
     40       0.030220   0.017884  -0.012336  -0.000000  -0.000000  -0.000000
     41      -0.030220  -0.012336   0.017884  -0.012336  -0.030220   0.017884
     42      -0.000000  -0.000000  -0.000000   0.017884  -0.012336   0.030220
     43      -0.000000   0.000000   0.000000  -0.012336   0.017884  -0.030220
     44       0.000000   0.000000   0.000000  -0.000000  -0.000000  -0.000000
     45       0.017884  -0.012336  -0.030220   0.000000   0.000000   0.000000
     46      -0.012336   0.017884   0.030220   0.000000   0.000000   0.000000
     47       0.000000  -0.000000  -0.000000   0.000000   0.000000   0.000000
                 12         13         14         15         16         17    
      0      -0.000000   0.000000   0.000000  -0.001542   0.001542  -0.000000
      1       0.000000  -0.000000  -0.000000   0.001542  -0.001542   0.000000
      2       0.000000  -0.000000  -0.000000   0.000000   0.000000   0.000000
      3      -0.001542   0.001542   0.000000   0.000000  -0.000000  -0.000000
      4       0.001542  -0.001542   0.000000  -0.000000  -0.000000  -0.000000
      5      -0.000000   0.000000   0.000000   0.000000  -0.000000  -0.000000
      6      -0.001542  -0.000000   0.001542   0.000000  -0.000000   0.000000
      7      -0.000000   0.000000   0.000000   0.000000  -0.001542  -0.001542
      8       0.001542   0.000000  -0.001542   0.000000  -0.001542  -0.001542
      9       0.000000  -0.000000  -0.000000  -0.001542   0.000000  -0.001542
     10       0.000000  -0.001542   0.001542  -0.000000   0.000000   0.000000
     11       0.000000   0.001542  -0.001542  -0.001542   0.000000  -0.001542
     12       0.207031   0.079739   0.079739   0.000000  -0.000000  -0.000000
     13       0.079739   0.207031   0.079739  -0.000000   0.000000  -0.000000
     14       0.079739   0.079739   0.207031  -0.000000  -0.000000   0.000000
     15      -0.000000   0.000000   0.000000   0.207031   0.079739  -0.079739
     16      -0.000000   0.000000   0.000000   0.079739   0.207031  -0.079739
     17      -0.000000  -0.000000   0.000000  -0.079739  -0.079739   0.207031
     18       0.000000  -0.000000  -0.000000   0.000000   0.000000   0.000000
     19      -0.000000  -0.000000   0.000000   0.000000  -0.000000   0.000000
     20      -0.000000   0.000000   0.000000   0.000000   0.000000  -0.000000
     21       0.000000  -0.000000  -0.000000  -0.000000   0.000000   0.000000
     22       0.000000  -0.000000  -0.000000  -0.000000  -0.000000   0.000000
     23       0.000000  -0.000000  -0.000000  -0.000000   0.000000   0.000000
     24       0.000000  -0.000000  -0.000000   0.017884   0.012336   0.030220
     25      -0.000000  -0.000000   0.000000   0.012336   0.017884   0.030220
     26      -0.000000   0.000000  -0.000000  -0.000000  -0.000000  -0.000000
     27       0.017884   0.012336  -0.030220  -0.000000   0.000000   0.000000
     28       0.012336   0.017884  -0.030220   0.000000   0.000000   0.000000
     29       0.000000  -0.000000  -0.000000   0.000000   0.000000   0.000000
     30       0.017884  -0.030220   0.012336  -0.000000   0.000000  -0.000000
     31       0.000000  -0.000000  -0.000000  -0.030220   0.017884  -0.012336
     32       0.012336  -0.030220   0.017884   0.030220  -0.012336   0.017884
     33      -0.000000   0.000000   0.000000   0.017884  -0.030220  -0.012336
     34      -0.030220   0.017884   0.012336   0.000000  -0.000000  -0.000000
     35      -0.030220   0.012336   0.017884  -0.012336   0.030220   0.017884
     36      -0.242180  -0.062164  -0.062164  -0.000000   0.000000   0.000000
     37      -0.062164  -0.242180  -0.062164   0.000000  -0.000000  -0.000000
     38      -0.062164  -0.062164  -0.242180   0.001232   0.001232   0.002465
     39       0.000000  -0.000000  -0.000000  -0.242180  -0.062164   0.062164
     40       0.000000   0.000000  -0.000000  -0.062164  -0.242180   0.062164
     41      -0.001232  -0.001232   0.002465   0.062164   0.062164  -0.242180
     42      -0.000000   0.000000   0.000000   0.002465  -0.001232   0.001232
     43      -0.001232   0.002465  -0.001232  -0.000000   0.000000  -0.000000
     44       0.000000  -0.000000  -0.000000  -0.000000  -0.000000   0.000000
     45       0.002465  -0.001232  -0.001232   0.000000  -0.000000  -0.000000
     46      -0.000000   0.000000  -0.000000  -0.001232   0.002465   0.001232
     47      -0.000000   0.000000   0.000000  -0.000000  -0.000000  -0.000000
                 18         19         20         21         22         23    
      0      -0.001542  -0.000000   0.001542   0.000000   0.000000   0.000000
      1      -0.000000   0.000000   0.000000  -0.000000  -0.001542   0.001542
      2       0.001542   0.000000  -0.001542  -0.000000   0.001542  -0.001542
      3       0.000000  -0.000000  -0.000000  -0.001542   0.000000  -0.001542
      4      -0.000000  -0.001542  -0.001542   0.000000   0.000000   0.000000
      5      -0.000000  -0.001542  -0.001542  -0.001542  -0.000000  -0.001542
      6       0.000000   0.000000   0.000000  -0.001542  -0.001542  -0.000000
      7       0.000000  -0.000000  -0.000000  -0.001542  -0.001542  -0.000000
      8      -0.000000  -0.000000  -0.000000   0.000000   0.000000   0.000000
      9      -0.001542  -0.001542   0.000000  -0.000000  -0.000000  -0.000000
     10      -0.001542  -0.001542   0.000000  -0.000000  -0.000000   0.000000
     11      -0.000000   0.000000   0.000000  -0.000000   0.000000  -0.000000
     12       0.000000  -0.000000  -0.000000   0.000000   0.000000   0.000000
     13       0.000000  -0.000000  -0.000000  -0.000000   0.000000  -0.000000
     14      -0.000000   0.000000   0.000000  -0.000000  -0.000000   0.000000
     15       0.000000   0.000000  -0.000000   0.000000   0.000000  -0.000000
     16       0.000000  -0.000000   0.000000   0.000000  -0.000000   0.000000
     17       0.000000   0.000000  -0.000000   0.000000   0.000000  -0.000000
     18       0.207031  -0.079739   0.079739  -0.000000  -0.000000  -0.000000
     19      -0.079739   0.207031  -0.079739  -0.000000  -0.000000   0.000000
     20       0.079739  -0.079739   0.207031   0.000000   0.000000  -0.000000
     21       0.000000   0.000000   0.000000   0.207031  -0.079739  -0.079739
     22      -0.000000   0.000000   0.000000  -0.079739   0.207031   0.079739
     23       0.000000   0.000000   0.000000  -0.079739   0.079739   0.207031
     24       0.017884   0.030220   0.012336  -0.000000  -0.000000  -0.000000
     25       0.000000  -0.000000  -0.000000   0.030220   0.017884   0.012336
     26       0.012336   0.030220   0.017884   0.030220   0.012336   0.017884
     27       0.000000   0.000000   0.000000   0.017884   0.030220  -0.012336
     28       0.030220   0.017884  -0.012336  -0.000000  -0.000000  -0.000000
     29      -0.030220  -0.012336   0.017884  -0.012336  -0.030220   0.017884
     30       0.000000  -0.000000  -0.000000   0.017884  -0.012336   0.030220
     31      -0.000000   0.000000   0.000000  -0.012336   0.017884  -0.030220
     32       0.000000   0.000000   0.000000  -0.000000  -0.000000  -0.000000
     33       0.017884  -0.012336  -0.030220   0.000000   0.000000   0.000000
     34      -0.012336   0.017884   0.030220   0.000000   0.000000  -0.000000
     35      -0.000000  -0.000000  -0.000000   0.000000  -0.000000   0.000000
     36      -0.000000   0.000000   0.000000   0.002465   0.001232   0.001232
     37       0.001232   0.002465   0.001232   0.000000  -0.000000   0.000000
     38       0.000000  -0.000000  -0.000000   0.000000   0.000000  -0.000000
     39       0.002465   0.001232  -0.001232  -0.000000   0.000000  -0.000000
     40      -0.000000   0.000000  -0.000000   0.001232   0.002465  -0.001232
     41      -0.000000  -0.000000   0.000000  -0.000000  -0.000000   0.000000
     42      -0.242180   0.062164  -0.062164   0.000000   0.000000   0.000000
     43       0.062164  -0.242180   0.062164   0.000000   0.000000  -0.000000
     44      -0.062164   0.062164  -0.242180   0.001232  -0.001232   0.002465
     45      -0.000000  -0.000000  -0.000000  -0.242180   0.062164   0.062164
     46       0.000000  -0.000000  -0.000000   0.062164  -0.242180  -0.062164
     47      -0.001232   0.001232   0.002465   0.062164  -0.062164  -0.242180
                 24         25         26         27         28         29    
      0      -0.242180  -0.062164  -0.062164  -0.000000  -0.000000  -0.001232
      1      -0.062164  -0.242180  -0.062164   0.000000  -0.000000  -0.001232
      2      -0.062164  -0.062164  -0.242180  -0.000000   0.000000   0.002465
      3       0.000000  -0.000000   0.001232  -0.242180  -0.062164   0.062164
      4      -0.000000  -0.000000   0.001232  -0.062164  -0.242180   0.062164
      5       0.000000  -0.000000   0.002465   0.062164   0.062164  -0.242180
      6       0.000000   0.001232  -0.000000   0.002465   0.000000  -0.000000
      7       0.000000   0.002465  -0.000000   0.001232  -0.000000  -0.000000
      8      -0.000000   0.001232   0.000000  -0.001232  -0.000000  -0.000000
      9       0.002465   0.000000   0.000000   0.000000   0.001232  -0.000000
     10       0.001232   0.000000  -0.000000   0.000000   0.002465  -0.000000
     11       0.001232  -0.000000   0.000000   0.000000  -0.001232   0.000000
     12      -0.000000   0.000000   0.000000   0.017884   0.012336  -0.000000
     13       0.000000  -0.000000   0.000000   0.012336   0.017884   0.000000
     14      -0.000000  -0.000000  -0.000000  -0.030220  -0.030220   0.000000
     15       0.017884   0.012336   0.000000   0.000000  -0.000000   0.000000
     16       0.012336   0.017884  -0.000000   0.000000   0.000000   0.000000
     17       0.030220   0.030220   0.000000   0.000000   0.000000   0.000000
     18       0.017884   0.000000   0.012336  -0.000000   0.030220  -0.030220
     19       0.030220   0.000000   0.030220   0.000000   0.017884  -0.012336
     20       0.012336  -0.000000   0.017884   0.000000  -0.012336   0.017884
     21      -0.000000   0.030220   0.030220   0.017884   0.000000  -0.012336
     22       0.000000   0.017884   0.012336   0.030220  -0.000000  -0.030220
     23      -0.000000   0.012336   0.017884  -0.012336   0.000000   0.017884
     24       0.846955   0.119345   0.119345   0.000000  -0.039507   0.000740
     25       0.119345   0.846955   0.119345  -0.039507   0.000000   0.000740
     26       0.119345   0.119345   0.846955  -0.000740  -0.000740  -0.002959
     27       0.000000  -0.039507  -0.000740   0.846955   0.119345  -0.119345
     28      -0.039507   0.000000  -0.000740   0.119345   0.846955  -0.119345
     29       0.000740   0.000740  -0.002959  -0.119345  -0.119345   0.846955
     30      -0.000000  -0.000740  -0.039507  -0.002959   0.000740  -0.000740
     31       0.000740  -0.002959   0.000740  -0.000740   0.000000   0.039507
     32      -0.039507  -0.000740  -0.000000   0.000740   0.039507   0.000000
     33      -0.002959   0.000740   0.000740  -0.000000  -0.000740   0.039507
     34      -0.000740  -0.000000  -0.039507   0.000740  -0.002959  -0.000740
     35      -0.000740  -0.039507  -0.000000   0.039507   0.000740  -0.000000
     36       0.000000  -0.000985  -0.000985  -0.157355  -0.060477   0.009780
     37      -0.000985   0.000000  -0.000985  -0.060477  -0.157355   0.009780
     38      -0.000985  -0.000985   0.000000  -0.009780  -0.009780  -0.325338
     39      -0.157355  -0.060477  -0.009780  -0.000000  -0.000985   0.000985
     40      -0.060477  -0.157355  -0.009780  -0.000985  -0.000000   0.000985
     41       0.009780   0.009780  -0.325338   0.000985   0.000985  -0.000000
     42      -0.157355  -0.009780  -0.060477  -0.325338   0.009780  -0.009780
     43       0.009780  -0.325338   0.009780  -0.009780  -0.157355   0.060477
     44      -0.060477  -0.009780  -0.157355   0.009780   0.060477  -0.157355
     45      -0.325338   0.009780   0.009780  -0.157355  -0.009780   0.060477
     46      -0.009780  -0.157355  -0.060477   0.009780  -0.325338  -0.009780
     47      -0.009780  -0.060477  -0.157355   0.060477   0.009780  -0.157355
                 30         31         32         33         34         35    
      0       0.000000  -0.001232  -0.000000   0.002465  -0.000000  -0.000000
      1      -0.000000   0.002465  -0.000000  -0.001232   0.000000  -0.000000
      2       0.000000  -0.001232   0.000000  -0.001232  -0.000000   0.000000
      3       0.002465  -0.000000  -0.000000   0.000000  -0.001232   0.000000
      4      -0.001232  -0.000000  -0.000000  -0.000000   0.002465  -0.000000
      5       0.001232  -0.000000  -0.000000  -0.000000   0.001232   0.000000
      6      -0.242180   0.062164  -0.062164  -0.000000  -0.000000  -0.001232
      7       0.062164  -0.242180   0.062164  -0.000000  -0.000000   0.001232
      8      -0.062164   0.062164  -0.242180  -0.000000  -0.000000   0.002465
      9      -0.000000  -0.000000   0.001232  -0.242180   0.062164   0.062164
     10      -0.000000  -0.000000  -0.001232   0.062164  -0.242180  -0.062164
     11       0.000000  -0.000000   0.002465   0.062164  -0.062164  -0.242180
     12       0.017884   0.000000   0.012336  -0.000000  -0.030220  -0.030220
     13      -0.030220  -0.000000  -0.030220   0.000000   0.017884   0.012336
     14       0.012336   0.000000   0.017884   0.000000   0.012336   0.017884
     15      -0.000000  -0.030220   0.030220   0.017884   0.000000  -0.012336
     16       0.000000   0.017884  -0.012336  -0.030220  -0.000000   0.030220
     17      -0.000000  -0.012336   0.017884  -0.012336   0.000000   0.017884
     18       0.000000  -0.000000   0.000000   0.017884  -0.012336  -0.000000
     19       0.000000   0.000000   0.000000  -0.012336   0.017884   0.000000
     20       0.000000   0.000000   0.000000  -0.030220   0.030220   0.000000
     21       0.017884  -0.012336  -0.000000   0.000000   0.000000   0.000000
     22      -0.012336   0.017884  -0.000000   0.000000   0.000000  -0.000000
     23       0.030220  -0.030220   0.000000   0.000000   0.000000  -0.000000
     24      -0.000000   0.000740  -0.039507  -0.002959  -0.000740  -0.000740
     25      -0.000740  -0.002959  -0.000740   0.000740  -0.000000  -0.039507
     26      -0.039507   0.000740  -0.000000   0.000740  -0.039507   0.000000
     27      -0.002959  -0.000740   0.000740  -0.000000   0.000740   0.039507
     28       0.000740   0.000000   0.039507  -0.000740  -0.002959   0.000740
     29      -0.000740   0.039507   0.000000   0.039507  -0.000740  -0.000000
     30       0.846955  -0.119345   0.119345   0.000000   0.039507   0.000740
     31      -0.119345   0.846955  -0.119345   0.039507   0.000000  -0.000740
     32       0.119345  -0.119345   0.846955  -0.000740   0.000740  -0.002959
     33       0.000000   0.039507  -0.000740   0.846955  -0.119345  -0.119345
     34       0.039507   0.000000   0.000740  -0.119345   0.846955   0.119345
     35       0.000740  -0.000740  -0.002959  -0.119345   0.119345   0.846955
     36      -0.157355   0.009780  -0.060477  -0.325338  -0.009780  -0.009780
     37      -0.009780  -0.325338  -0.009780   0.009780  -0.157355  -0.060477
     38      -0.060477   0.009780  -0.157355   0.009780  -0.060477  -0.157355
     39      -0.325338  -0.009780   0.009780  -0.157355   0.009780   0.060477
     40       0.009780  -0.157355   0.060477  -0.009780  -0.325338   0.009780
     41      -0.009780   0.060477  -0.157355   0.060477  -0.009780  -0.157355
     42      -0.000000   0.000985  -0.000985  -0.157355   0.060477   0.009780
     43       0.000985  -0.000000   0.000985   0.060477  -0.157355  -0.009780
     44      -0.000985   0.000985  -0.000000  -0.009780   0.009780  -0.325338
     45      -0.157355   0.060477  -0.009780  -0.000000   0.000985   0.000985
     46       0.060477  -0.157355   0.009780   0.000985  -0.000000  -0.000985
     47       0.009780  -0.009780  -0.325338   0.000985  -0.000985   0.000000
                 36         37         38         39         40         41    
      0      -0.000000   0.000000   0.000000   0.017884   0.012336  -0.000000
      1       0.000000  -0.000000  -0.000000   0.012336   0.017884   0.000000
      2      -0.000000  -0.000000  -0.000000  -0.030220  -0.030220   0.000000
      3       0.017884   0.012336  -0.000000   0.000000  -0.000000   0.000000
      4       0.012336   0.017884  -0.000000  -0.000000   0.000000   0.000000
      5       0.030220   0.030220   0.000000   0.000000   0.000000   0.000000
      6       0.017884  -0.000000   0.012336  -0.000000   0.030220  -0.030220
      7       0.030220  -0.000000   0.030220   0.000000   0.017884  -0.012336
      8       0.012336  -0.000000   0.017884   0.000000  -0.012336   0.017884
      9      -0.000000   0.030220   0.030220   0.017884   0.000000  -0.012336
     10       0.000000   0.017884   0.012336   0.030220  -0.000000  -0.030220
     11       0.000000   0.012336   0.017884  -0.012336   0.000000   0.017884
     12      -0.242180  -0.062164  -0.062164   0.000000  -0.000000  -0.001232
     13      -0.062164  -0.242180  -0.062164   0.000000  -0.000000  -0.001232
     14      -0.062164  -0.062164  -0.242180  -0.000000  -0.000000   0.002465
     15       0.000000   0.000000   0.001232  -0.242180  -0.062164   0.062164
     16      -0.000000  -0.000000   0.001232  -0.062164  -0.242180   0.062164
     17      -0.000000  -0.000000   0.002465   0.062164   0.062164  -0.242180
     18       0.000000   0.001232  -0.000000   0.002465   0.000000  -0.000000
     19      -0.000000   0.002465  -0.000000   0.001232  -0.000000  -0.000000
     20      -0.000000   0.001232   0.000000  -0.001232  -0.000000  -0.000000
     21       0.002465  -0.000000  -0.000000  -0.000000   0.001232  -0.000000
     22       0.001232   0.000000  -0.000000   0.000000   0.002465  -0.000000
     23       0.001232  -0.000000   0.000000  -0.000000  -0.001232   0.000000
     24       0.000000  -0.000985  -0.000985  -0.157355  -0.060477   0.009780
     25      -0.000985   0.000000  -0.000985  -0.060477  -0.157355   0.009780
     26      -0.000985  -0.000985   0.000000  -0.009780  -0.009780  -0.325338
     27      -0.157355  -0.060477  -0.009780  -0.000000  -0.000985   0.000985
     28      -0.060477  -0.157355  -0.009780  -0.000985  -0.000000   0.000985
     29       0.009780   0.009780  -0.325338   0.000985   0.000985  -0.000000
     30      -0.157355  -0.009780  -0.060477  -0.325338   0.009780  -0.009780
     31       0.009780  -0.325338   0.009780  -0.009780  -0.157355   0.060477
     32      -0.060477  -0.009780  -0.157355   0.009780   0.060477  -0.157355
     33      -0.325338   0.009780   0.009780  -0.157355  -0.009780   0.060477
     34      -0.009780  -0.157355  -0.060477   0.009780  -0.325338  -0.009780
     35      -0.009780  -0.060477  -0.157355   0.060477   0.009780  -0.157355
     36       0.846955   0.119345   0.119345   0.000000  -0.039507   0.000740
     37       0.119345   0.846955   0.119345  -0.039507   0.000000   0.000740
     38       0.119345   0.119345   0.846955  -0.000740  -0.000740  -0.002959
     39      -0.000000  -0.039507  -0.000740   0.846955   0.119345  -0.119345
     40      -0.039507   0.000000  -0.000740   0.119345   0.846955  -0.119345
     41       0.000740   0.000740  -0.002959  -0.119345  -0.119345   0.846955
     42      -0.000000  -0.000740  -0.039507  -0.002959   0.000740  -0.000740
     43       0.000740  -0.002959   0.000740  -0.000740   0.000000   0.039507
     44      -0.039507  -0.000740  -0.000000   0.000740   0.039507   0.000000
     45      -0.002959   0.000740   0.000740  -0.000000  -0.000740   0.039507
     46      -0.000740  -0.000000  -0.039507   0.000740  -0.002959  -0.000740
     47      -0.000740  -0.039507  -0.000000   0.039507   0.000740   0.000000
